0.000000000000000000e+00 0.000000000000000000e+00
1.485000000000000000e+03 3.660000000000000000e+02
9.720000000000000000e+02 4.700000000000000000e+02
9.720000000000000000e+02 4.660000000000000000e+02
4.900000000000000000e+02 2.350000000000000000e+02
4.630000000000000000e+02 1.910000000000000000e+02
4.680000000000000000e+02 3.590000000000000000e+02
6.140000000000000000e+02 7.500000000000000000e+02
6.120000000000000000e+02 7.600000000000000000e+02
5.000000000000000000e+02 5.500000000000000000e+02
2.300000000000000000e+02 3.100000000000000000e+01
2.300000000000000000e+02 2.600000000000000000e+01
2.300000000000000000e+02 2.900000000000000000e+01
4.900000000000000000e+02 7.600000000000000000e+01
7.150000000000000000e+02 1.200000000000000000e+02
8.080000000000000000e+02 1.280000000000000000e+02
8.040000000000000000e+02 1.270000000000000000e+02
8.520000000000000000e+02 5.670000000000000000e+02
8.710000000000000000e+02 6.970000000000000000e+02
8.700000000000000000e+02 6.910000000000000000e+02
8.720000000000000000e+02 6.910000000000000000e+02
8.720000000000000000e+02 6.930000000000000000e+02
8.550000000000000000e+02 8.050000000000000000e+02
8.460000000000000000e+02 8.570000000000000000e+02
8.470000000000000000e+02 8.550000000000000000e+02
8.490000000000000000e+02 8.510000000000000000e+02
6.770000000000000000e+02 8.090000000000000000e+02
3.880000000000000000e+02 7.810000000000000000e+02
5.660000000000000000e+02 5.350000000000000000e+02
7.040000000000000000e+02 3.880000000000000000e+02
7.140000000000000000e+02 3.860000000000000000e+02
6.570000000000000000e+02 4.890000000000000000e+02
5.910000000000000000e+02 7.880000000000000000e+02
5.730000000000000000e+02 8.540000000000000000e+02
5.080000000000000000e+02 6.420000000000000000e+02
4.630000000000000000e+02 4.930000000000000000e+02
1.200000000000000000e+02 3.460000000000000000e+02
6.200000000000000000e+01 3.150000000000000000e+02
1.170000000000000000e+02 6.300000000000000000e+01
1.180000000000000000e+02 3.300000000000000000e+01
3.970000000000000000e+02 1.140000000000000000e+02
7.310000000000000000e+02 2.230000000000000000e+02
4.430000000000000000e+02 1.490000000000000000e+02
3.360000000000000000e+02 9.500000000000000000e+01
2.910000000000000000e+02 2.650000000000000000e+02
1.130000000000000000e+02 7.590000000000000000e+02
1.110000000000000000e+02 7.630000000000000000e+02
7.550000000000000000e+02 8.370000000000000000e+02
8.730000000000000000e+02 8.520000000000000000e+02
7.090000000000000000e+02 8.630000000000000000e+02
7.230000000000000000e+02 8.640000000000000000e+02
1.900000000000000000e+02 4.750000000000000000e+02
6.700000000000000000e+01 3.760000000000000000e+02
1.360000000000000000e+02 3.960000000000000000e+02
