9.730000000000000000e+02 4.670000000000000000e+02
9.730000000000000000e+02 4.670000000000000000e+02
9.730000000000000000e+02 4.670000000000000000e+02
9.730000000000000000e+02 4.670000000000000000e+02
4.650000000000000000e+02 1.910000000000000000e+02
4.650000000000000000e+02 1.910000000000000000e+02
6.130000000000000000e+02 7.610000000000000000e+02
6.130000000000000000e+02 7.610000000000000000e+02
6.130000000000000000e+02 7.610000000000000000e+02
2.300000000000000000e+02 2.800000000000000000e+01
2.300000000000000000e+02 2.800000000000000000e+01
2.300000000000000000e+02 2.800000000000000000e+01
8.050000000000000000e+02 1.270000000000000000e+02
8.050000000000000000e+02 1.270000000000000000e+02
8.050000000000000000e+02 1.270000000000000000e+02
8.050000000000000000e+02 1.270000000000000000e+02
8.710000000000000000e+02 6.940000000000000000e+02
8.710000000000000000e+02 6.940000000000000000e+02
8.710000000000000000e+02 6.940000000000000000e+02
8.710000000000000000e+02 6.940000000000000000e+02
8.710000000000000000e+02 6.940000000000000000e+02
8.710000000000000000e+02 6.940000000000000000e+02
8.490000000000000000e+02 8.550000000000000000e+02
8.490000000000000000e+02 8.550000000000000000e+02
8.490000000000000000e+02 8.550000000000000000e+02
8.490000000000000000e+02 8.550000000000000000e+02
3.890000000000000000e+02 7.810000000000000000e+02
3.890000000000000000e+02 7.810000000000000000e+02
7.120000000000000000e+02 3.870000000000000000e+02
7.120000000000000000e+02 3.870000000000000000e+02
7.120000000000000000e+02 3.870000000000000000e+02
5.730000000000000000e+02 8.540000000000000000e+02
5.730000000000000000e+02 8.540000000000000000e+02
5.730000000000000000e+02 8.540000000000000000e+02
4.640000000000000000e+02 4.970000000000000000e+02
4.640000000000000000e+02 4.970000000000000000e+02
6.400000000000000000e+01 3.170000000000000000e+02
6.400000000000000000e+01 3.170000000000000000e+02
1.180000000000000000e+02 3.300000000000000000e+01
1.180000000000000000e+02 3.300000000000000000e+01
7.340000000000000000e+02 2.240000000000000000e+02
7.340000000000000000e+02 2.240000000000000000e+02
3.350000000000000000e+02 9.700000000000000000e+01
3.350000000000000000e+02 9.700000000000000000e+01
1.140000000000000000e+02 7.630000000000000000e+02
1.140000000000000000e+02 7.630000000000000000e+02
8.690000000000000000e+02 8.510000000000000000e+02
8.690000000000000000e+02 8.510000000000000000e+02
8.690000000000000000e+02 8.510000000000000000e+02
7.240000000000000000e+02 8.640000000000000000e+02
7.000000000000000000e+01 3.800000000000000000e+02
7.000000000000000000e+01 3.800000000000000000e+02
7.000000000000000000e+01 3.800000000000000000e+02
1.680000000000000000e+02 3.960000000000000000e+02
