1.682000000000000000e+03 4.200000000000000000e+01
1.411999427753934242e+03 1.440001430615164395e+02
1.401000000000000000e+03 1.490000000000000000e+02
1.394000000000000000e+03 1.530000000000000000e+02
1.371000000000000000e+03 1.660000000000000000e+02
1.325158628081457664e+03 1.849471239728474359e+02
1.287000000000000000e+03 2.110000000000000000e+02
1.249000000000000000e+03 2.400000000000000000e+02
1.221000000000000000e+03 2.650000000000000000e+02
1.196000000000000000e+03 2.910000000000000000e+02
1.169000000000000000e+03 3.200000000000000000e+02
1.135000000000000000e+03 3.560000000000000000e+02
1.105000000000000000e+03 3.780000000000000000e+02
1.057000000000000000e+03 4.080000000000000000e+02
1.034041813842482043e+03 4.209790930787589787e+02
1.020000000000000000e+03 4.280000000000000000e+02
1.002040095579450394e+03 4.379799522102748028e+02
9.900000000000000000e+02 4.460000000000000000e+02
9.890000000000000000e+02 4.480000000000000000e+02
9.850000000000000000e+02 4.520000000000000000e+02
9.740000000000000000e+02 4.610000000000000000e+02
9.740000000000000000e+02 4.610000000000000000e+02
9.740000000000000000e+02 4.610000000000000000e+02
9.740000000000000000e+02 4.610000000000000000e+02
9.730000000000000000e+02 4.620000000000000000e+02
9.690000000000000000e+02 4.670000000000000000e+02
9.680000000000000000e+02 4.680000000000000000e+02
9.660000000000000000e+02 4.690000000000000000e+02
9.660000000000000000e+02 4.700000000000000000e+02
9.650000000000000000e+02 4.710000000000000000e+02
9.650000000000000000e+02 4.710000000000000000e+02
9.650000000000000000e+02 4.710000000000000000e+02
9.640000000000000000e+02 4.740000000000000000e+02
9.630000000000000000e+02 4.770000000000000000e+02
9.630000000000000000e+02 4.770000000000000000e+02
9.630000000000000000e+02 4.770000000000000000e+02
9.630000000000000000e+02 4.770000000000000000e+02
9.630000000000000000e+02 4.770000000000000000e+02
9.630000000000000000e+02 4.770000000000000000e+02
9.630000000000000000e+02 4.770000000000000000e+02
9.630000000000000000e+02 4.770000000000000000e+02
9.630000000000000000e+02 4.770000000000000000e+02
9.630000000000000000e+02 4.770000000000000000e+02
9.630000000000000000e+02 4.770000000000000000e+02
9.630000000000000000e+02 4.770000000000000000e+02
9.430000000000000000e+02 4.690000000000000000e+02
8.290000000000000000e+02 4.570000000000000000e+02
7.630000000000000000e+02 4.610000000000000000e+02
7.250000000000000000e+02 4.940000000000000000e+02
6.920000000000000000e+02 5.170000000000000000e+02
6.690000000000000000e+02 5.300000000000000000e+02
6.452756476683930487e+02 5.432414507772023171e+02
6.160000000000000000e+02 5.590000000000000000e+02
5.848143609382458408e+02 5.743952130205847197e+02
5.630000000000000000e+02 5.860000000000000000e+02
5.440000000000000000e+02 6.000000000000000000e+02
5.280000000000000000e+02 6.120000000000000000e+02
5.200000000000000000e+02 6.170000000000000000e+02
5.180000000000000000e+02 6.190000000000000000e+02
5.150000000000000000e+02 6.210000000000000000e+02
5.150000000000000000e+02 6.210000000000000000e+02
5.130000000000000000e+02 6.210000000000000000e+02
5.079260701301747076e+02 6.240000000000000000e+02
5.040000000000000000e+02 6.260000000000000000e+02
4.960000000000000000e+02 6.290000000000000000e+02
4.940000000000000000e+02 6.320000000000000000e+02
4.940000000000000000e+02 6.320000000000000000e+02
4.940000000000000000e+02 6.320000000000000000e+02
4.940000000000000000e+02 6.320000000000000000e+02
4.940000000000000000e+02 6.320000000000000000e+02
4.940000000000000000e+02 6.320000000000000000e+02
4.940000000000000000e+02 6.320000000000000000e+02
4.940000000000000000e+02 6.320000000000000000e+02
4.935923641703355429e+02 6.220679393049440478e+02
4.900000000000000000e+02 6.220000000000000000e+02
4.830000000000000000e+02 6.210000000000000000e+02
4.830000000000000000e+02 6.200000000000000000e+02
4.830000000000000000e+02 6.200000000000000000e+02
4.830000000000000000e+02 6.200000000000000000e+02
4.830000000000000000e+02 6.200000000000000000e+02
4.870000000000000000e+02 6.210000000000000000e+02
4.950000000000000000e+02 6.240000000000000000e+02
4.950000000000000000e+02 6.240000000000000000e+02
4.950000000000000000e+02 6.240000000000000000e+02
4.950000000000000000e+02 6.240000000000000000e+02
5.060000000000000000e+02 6.290000000000000000e+02
5.060000000000000000e+02 6.290000000000000000e+02
5.060000000000000000e+02 6.290000000000000000e+02
5.060000000000000000e+02 6.290000000000000000e+02
5.060000000000000000e+02 6.290000000000000000e+02
5.060000000000000000e+02 6.290000000000000000e+02
5.060000000000000000e+02 6.290000000000000000e+02
5.060000000000000000e+02 6.290000000000000000e+02
5.050000000000000000e+02 6.290000000000000000e+02
5.030000000000000000e+02 6.290000000000000000e+02
5.020000000000000000e+02 6.290000000000000000e+02
5.020000000000000000e+02 6.290000000000000000e+02
5.020000000000000000e+02 6.290000000000000000e+02
5.020000000000000000e+02 6.290000000000000000e+02
5.020000000000000000e+02 6.290000000000000000e+02
5.020000000000000000e+02 6.290000000000000000e+02
5.020000000000000000e+02 6.290000000000000000e+02
5.010000000000000000e+02 6.290000000000000000e+02
5.010000000000000000e+02 6.290000000000000000e+02
5.000000000000000000e+02 6.290000000000000000e+02
4.990000000000000000e+02 6.290000000000000000e+02
4.990000000000000000e+02 6.280000000000000000e+02
4.970000000000000000e+02 6.280000000000000000e+02
4.970000000000000000e+02 6.280000000000000000e+02
4.970000000000000000e+02 6.280000000000000000e+02
4.970000000000000000e+02 6.280000000000000000e+02
4.970000000000000000e+02 6.280000000000000000e+02
4.970000000000000000e+02 6.280000000000000000e+02
4.970000000000000000e+02 6.280000000000000000e+02
4.970000000000000000e+02 6.280000000000000000e+02
4.990000000000000000e+02 6.280000000000000000e+02
5.040000000000000000e+02 6.310000000000000000e+02
5.062548830479892104e+02 6.532548830479892104e+02
5.320000000000000000e+02 6.810000000000000000e+02
5.659077949940403869e+02 7.171772824791412404e+02
5.750000000000000000e+02 7.340000000000000000e+02
5.780000000000000000e+02 7.510000000000000000e+02
5.780000000000000000e+02 7.580000000000000000e+02
5.850000000000000000e+02 7.730000000000000000e+02
5.890000000000000000e+02 7.800000000000000000e+02
5.900000000000000000e+02 7.810000000000000000e+02
5.900000000000000000e+02 7.830000000000000000e+02
5.920000000000000000e+02 7.840000000000000000e+02
5.920000000000000000e+02 7.870000000000000000e+02
5.920000000000000000e+02 7.870000000000000000e+02
5.900000000000000000e+02 7.895390413378871699e+02
5.900000000000000000e+02 7.910000000000000000e+02
5.890000000000000000e+02 7.930000000000000000e+02
5.890000000000000000e+02 7.930000000000000000e+02
5.900000000000000000e+02 7.930000000000000000e+02
5.900000000000000000e+02 7.950000000000000000e+02
5.920000000000000000e+02 7.950000000000000000e+02
5.920000000000000000e+02 7.950000000000000000e+02
5.920000000000000000e+02 7.950000000000000000e+02
5.920000000000000000e+02 7.950000000000000000e+02
5.920000000000000000e+02 7.950000000000000000e+02
5.920000000000000000e+02 7.950000000000000000e+02
5.920000000000000000e+02 7.950000000000000000e+02
5.920000000000000000e+02 7.950000000000000000e+02
5.940000000000000000e+02 7.960000000000000000e+02
5.940000000000000000e+02 7.970000000000000000e+02
5.950000000000000000e+02 7.970000000000000000e+02
5.950000000000000000e+02 7.970000000000000000e+02
5.950000000000000000e+02 7.970000000000000000e+02
5.950000000000000000e+02 7.970000000000000000e+02
5.950000000000000000e+02 7.970000000000000000e+02
5.940000000000000000e+02 7.970000000000000000e+02
5.990000000000000000e+02 7.960000000000000000e+02
5.960000000000000000e+02 7.800000000000000000e+02
6.190000000000000000e+02 7.260000000000000000e+02
6.280000000000000000e+02 6.660000000000000000e+02
6.680000000000000000e+02 5.910000000000000000e+02
6.790000000000000000e+02 5.660000000000000000e+02
6.950000000000000000e+02 5.080000000000000000e+02
7.062323493535013768e+02 4.737137350573295862e+02
7.190000000000000000e+02 4.360000000000000000e+02
7.318219279907098098e+02 4.059451800232253618e+02
7.500000000000000000e+02 3.650000000000000000e+02
7.710000000000000000e+02 3.220000000000000000e+02
7.820000000000000000e+02 2.950000000000000000e+02
7.900000000000000000e+02 2.680000000000000000e+02
7.910000000000000000e+02 2.520000000000000000e+02
7.910000000000000000e+02 2.360000000000000000e+02
7.900000000000000000e+02 2.230000000000000000e+02
7.880000000000000000e+02 2.100000000000000000e+02
7.870000000000000000e+02 2.020000000000000000e+02
7.851058672948059893e+02 1.967176872138505814e+02
7.856697815494820816e+02 1.952139158680477351e+02
7.862336958041581738e+02 1.937101445222448035e+02
7.867976100588342661e+02 1.922063731764418719e+02
7.873615243135103583e+02 1.907026018306389972e+02
7.879254385681864505e+02 1.891988304848360656e+02
7.770000000000000000e+02 1.900000000000000000e+02
7.760000000000000000e+02 1.880000000000000000e+02
7.750000000000000000e+02 1.880000000000000000e+02
7.750000000000000000e+02 1.880000000000000000e+02
7.750000000000000000e+02 1.870000000000000000e+02
7.750000000000000000e+02 1.870000000000000000e+02
7.750000000000000000e+02 1.870000000000000000e+02
7.750000000000000000e+02 1.870000000000000000e+02
7.720000000000000000e+02 1.910000000000000000e+02
7.720000000000000000e+02 1.910000000000000000e+02
7.720000000000000000e+02 1.910000000000000000e+02
7.720000000000000000e+02 1.920000000000000000e+02
7.720000000000000000e+02 1.920000000000000000e+02
7.720000000000000000e+02 1.920000000000000000e+02
7.720000000000000000e+02 1.920000000000000000e+02
7.720000000000000000e+02 1.920000000000000000e+02
7.720000000000000000e+02 1.920000000000000000e+02
7.720000000000000000e+02 1.920000000000000000e+02
7.720000000000000000e+02 1.920000000000000000e+02
7.720000000000000000e+02 1.940000000000000000e+02
7.790000000000000000e+02 2.070000000000000000e+02
8.040000000000000000e+02 2.110000000000000000e+02
8.138002251219411392e+02 2.144401800975529397e+02
8.240000000000000000e+02 2.210000000000000000e+02
8.378195810779020576e+02 2.296146858084265716e+02
8.480000000000000000e+02 2.340000000000000000e+02
8.527775612075120080e+02 2.353887806037560040e+02
8.660000000000000000e+02 2.360000000000000000e+02
8.673869513641756157e+02 2.360000000000000000e+02
8.730000000000000000e+02 2.360000000000000000e+02
8.750000000000000000e+02 2.360000000000000000e+02
8.750000000000000000e+02 2.360000000000000000e+02
8.760000000000000000e+02 2.350000000000000000e+02
8.770000000000000000e+02 2.350000000000000000e+02
8.770000000000000000e+02 2.350000000000000000e+02
8.770000000000000000e+02 2.350000000000000000e+02
8.770000000000000000e+02 2.350000000000000000e+02
8.770000000000000000e+02 2.350000000000000000e+02
8.770000000000000000e+02 2.350000000000000000e+02
8.770000000000000000e+02 2.350000000000000000e+02
8.770000000000000000e+02 2.350000000000000000e+02
8.770000000000000000e+02 2.350000000000000000e+02
8.770000000000000000e+02 2.350000000000000000e+02
8.750000000000000000e+02 2.350000000000000000e+02
8.550000000000000000e+02 2.230000000000000000e+02
7.960000000000000000e+02 2.220000000000000000e+02
7.190000000000000000e+02 2.110000000000000000e+02
6.650000000000000000e+02 1.990000000000000000e+02
6.590000000000000000e+02 1.970000000000000000e+02
6.320000000000000000e+02 1.900000000000000000e+02
5.750000000000000000e+02 1.760000000000000000e+02
5.470000000000000000e+02 1.730000000000000000e+02
5.330000000000000000e+02 1.690000000000000000e+02
5.200000000000000000e+02 1.640000000000000000e+02
5.080000000000000000e+02 1.580000000000000000e+02
4.980000000000000000e+02 1.510000000000000000e+02
4.790000000000000000e+02 1.430000000000000000e+02
4.760000000000000000e+02 1.410000000000000000e+02
4.730000000000000000e+02 1.410000000000000000e+02
4.730000000000000000e+02 1.400000000000000000e+02
4.720000000000000000e+02 1.390000000000000000e+02
4.690000000000000000e+02 1.370000000000000000e+02
4.670000000000000000e+02 1.370000000000000000e+02
4.650000000000000000e+02 1.360000000000000000e+02
4.650000000000000000e+02 1.360000000000000000e+02
4.650000000000000000e+02 1.360000000000000000e+02
4.650000000000000000e+02 1.360000000000000000e+02
4.650000000000000000e+02 1.360000000000000000e+02
4.650000000000000000e+02 1.360000000000000000e+02
4.650000000000000000e+02 1.360000000000000000e+02
4.650000000000000000e+02 1.360000000000000000e+02
4.650000000000000000e+02 1.360000000000000000e+02
4.650000000000000000e+02 1.360000000000000000e+02
4.570000000000000000e+02 1.310000000000000000e+02
4.764784204671874477e+02 1.552610519624999199e+02
5.040000000000000000e+02 1.940000000000000000e+02
5.440000000000000000e+02 2.390000000000000000e+02
5.750000000000000000e+02 2.770000000000000000e+02
6.220000000000000000e+02 3.470000000000000000e+02
6.600000000000000000e+02 4.120000000000000000e+02
7.100000000000000000e+02 4.640000000000000000e+02
7.493896794184258852e+02 4.972159694911226779e+02
7.840000000000000000e+02 5.290000000000000000e+02
8.133716634890371324e+02 5.580459961868446044e+02
8.410000000000000000e+02 5.860000000000000000e+02
8.590000000000000000e+02 6.100000000000000000e+02
8.630000000000000000e+02 6.210000000000000000e+02
8.640000000000000000e+02 6.270000000000000000e+02
8.640000000000000000e+02 6.380000000000000000e+02
8.550000000000000000e+02 6.560000000000000000e+02
8.490000000000000000e+02 6.660000000000000000e+02
8.490000000000000000e+02 6.660000000000000000e+02
8.500000000000000000e+02 6.670000000000000000e+02
8.510000000000000000e+02 6.670000000000000000e+02
8.510000000000000000e+02 6.670000000000000000e+02
8.540000000000000000e+02 6.680000000000000000e+02
8.540000000000000000e+02 6.680000000000000000e+02
8.550000000000000000e+02 6.710000000000000000e+02
8.560000000000000000e+02 6.720000000000000000e+02
8.560000000000000000e+02 6.720000000000000000e+02
8.560000000000000000e+02 6.720000000000000000e+02
8.560000000000000000e+02 6.720000000000000000e+02
8.560000000000000000e+02 6.720000000000000000e+02
8.519476851679509082e+02 6.674678057799451381e+02
8.378210184658307753e+02 6.516682443367844826e+02
8.236943517637107561e+02 6.358686828936238271e+02
8.095676850615910780e+02 6.200691214504637401e+02
7.954410183594709451e+02 6.042695600073030846e+02
7.813143516573513807e+02 5.884699985641428839e+02
7.160000000000000000e+02 4.910000000000000000e+02
6.640000000000000000e+02 3.990000000000000000e+02
5.960000000000000000e+02 2.870000000000000000e+02
5.400000000000000000e+02 2.020000000000000000e+02
4.980000000000000000e+02 1.580000000000000000e+02
4.830000000000000000e+02 1.360000000000000000e+02
4.620000000000000000e+02 1.110000000000000000e+02
4.528493921334920742e+02 9.484939213349207421e+01
4.520000000000000000e+02 9.300000000000000000e+01
4.636015109343936160e+02 9.300000000000000000e+01
4.800000000000000000e+02 1.010000000000000000e+02
4.920000000000000000e+02 1.130000000000000000e+02
4.940000000000000000e+02 1.160000000000000000e+02
4.940000000000000000e+02 1.160000000000000000e+02
4.940000000000000000e+02 1.180000000000000000e+02
4.940000000000000000e+02 1.200000000000000000e+02
4.920000000000000000e+02 1.210000000000000000e+02
4.910000000000000000e+02 1.220000000000000000e+02
4.910000000000000000e+02 1.220000000000000000e+02
4.910000000000000000e+02 1.220000000000000000e+02
4.910000000000000000e+02 1.220000000000000000e+02
4.910000000000000000e+02 1.220000000000000000e+02
4.910000000000000000e+02 1.220000000000000000e+02
4.910000000000000000e+02 1.220000000000000000e+02
4.910000000000000000e+02 1.220000000000000000e+02
4.910000000000000000e+02 1.220000000000000000e+02
4.910000000000000000e+02 1.220000000000000000e+02
4.890000000000000000e+02 1.220000000000000000e+02
4.890000000000000000e+02 1.220000000000000000e+02
4.890000000000000000e+02 1.220000000000000000e+02
4.890000000000000000e+02 1.220000000000000000e+02
4.890000000000000000e+02 1.220000000000000000e+02
4.950000000000000000e+02 1.270000000000000000e+02
5.190000000000000000e+02 1.660000000000000000e+02
5.090000000000000000e+02 2.180000000000000000e+02
4.880000000000000000e+02 3.480000000000000000e+02
4.740000000000000000e+02 3.990000000000000000e+02
4.790000000000000000e+02 4.730000000000000000e+02
4.867877264061021378e+02 5.428490943755915623e+02
4.750000000000000000e+02 6.280000000000000000e+02
4.787192362768482212e+02 6.749653460620625083e+02
4.660000000000000000e+02 7.670000000000000000e+02
4.604294706723880495e+02 7.771410586552239010e+02
4.590000000000000000e+02 7.990000000000000000e+02
4.660000000000000000e+02 8.050000000000000000e+02
4.599110785594851905e+02 8.171778428810296191e+02
4.597269084854360699e+02 8.175461830291278602e+02
4.595427384113869493e+02 8.179145231772261013e+02
4.593585683373378856e+02 8.182828633253242288e+02
4.591743982632887651e+02 8.186512034734224699e+02
4.590000000000000000e+02 8.190000000000000000e+02
4.050000000000000000e+02 8.520000000000000000e+02
3.983659343371984960e+02 8.520000000000000000e+02
3.960000000000000000e+02 8.530000000000000000e+02
3.950000000000000000e+02 8.530000000000000000e+02
3.950000000000000000e+02 8.530000000000000000e+02
3.970000000000000000e+02 8.520000000000000000e+02
4.000000000000000000e+02 8.490000000000000000e+02
4.030000000000000000e+02 8.480000000000000000e+02
4.060000000000000000e+02 8.480000000000000000e+02
4.070000000000000000e+02 8.480000000000000000e+02
4.070000000000000000e+02 8.480000000000000000e+02
4.070000000000000000e+02 8.480000000000000000e+02
4.070000000000000000e+02 8.480000000000000000e+02
4.070000000000000000e+02 8.480000000000000000e+02
4.070000000000000000e+02 8.480000000000000000e+02
4.070000000000000000e+02 8.480000000000000000e+02
4.070000000000000000e+02 8.490000000000000000e+02
4.080000000000000000e+02 8.490000000000000000e+02
4.370000000000000000e+02 8.180000000000000000e+02
5.220000000000000000e+02 6.980000000000000000e+02
6.600000000000000000e+02 5.490000000000000000e+02
7.100000000000000000e+02 4.830000000000000000e+02
7.430000000000000000e+02 4.430000000000000000e+02
7.639675804529201741e+02 4.113873659117997477e+02
7.820000000000000000e+02 3.880000000000000000e+02
8.014594443090443292e+02 3.629009261515927847e+02
8.100000000000000000e+02 3.490000000000000000e+02
8.202935722819579496e+02 3.314128554360841008e+02
8.230000000000000000e+02 3.220000000000000000e+02
8.240000000000000000e+02 3.100000000000000000e+02
8.290000000000000000e+02 2.980000000000000000e+02
8.300000000000000000e+02 2.910000000000000000e+02
8.310000000000000000e+02 2.910000000000000000e+02
8.380000000000000000e+02 2.910000000000000000e+02
8.380000000000000000e+02 2.910000000000000000e+02
8.380000000000000000e+02 2.910000000000000000e+02
8.388236079647083443e+02 2.910000000000000000e+02
8.430000000000000000e+02 2.930000000000000000e+02
8.470000000000000000e+02 2.950000000000000000e+02
8.510000000000000000e+02 2.950000000000000000e+02
8.510000000000000000e+02 2.950000000000000000e+02
8.510000000000000000e+02 2.950000000000000000e+02
8.510000000000000000e+02 2.950000000000000000e+02
8.520000000000000000e+02 2.950000000000000000e+02
8.520000000000000000e+02 2.950000000000000000e+02
8.520000000000000000e+02 2.950000000000000000e+02
8.520000000000000000e+02 2.950000000000000000e+02
8.520000000000000000e+02 2.950000000000000000e+02
8.520000000000000000e+02 2.950000000000000000e+02
8.540000000000000000e+02 2.940000000000000000e+02
8.560000000000000000e+02 2.940000000000000000e+02
8.560000000000000000e+02 2.940000000000000000e+02
8.560000000000000000e+02 2.940000000000000000e+02
8.560000000000000000e+02 2.940000000000000000e+02
8.560000000000000000e+02 2.940000000000000000e+02
8.560000000000000000e+02 2.940000000000000000e+02
8.560000000000000000e+02 2.940000000000000000e+02
8.560000000000000000e+02 2.940000000000000000e+02
8.560000000000000000e+02 2.953236064792758384e+02
8.560000000000000000e+02 2.970000000000000000e+02
8.540000000000000000e+02 2.970000000000000000e+02
8.410000000000000000e+02 2.990000000000000000e+02
8.000000000000000000e+02 3.120000000000000000e+02
7.760000000000000000e+02 3.240000000000000000e+02
7.600000000000000000e+02 3.320000000000000000e+02
7.500000000000000000e+02 3.340000000000000000e+02
7.450000000000000000e+02 3.350000000000000000e+02
7.420000000000000000e+02 3.330000000000000000e+02
7.410000000000000000e+02 3.300000000000000000e+02
7.380000000000000000e+02 3.283608791208783941e+02
7.360000000000000000e+02 3.250000000000000000e+02
7.340000000000000000e+02 3.200000000000000000e+02
7.340000000000000000e+02 3.200000000000000000e+02
7.340000000000000000e+02 3.200000000000000000e+02
7.340000000000000000e+02 3.200000000000000000e+02
7.340000000000000000e+02 3.200000000000000000e+02
7.340000000000000000e+02 3.200000000000000000e+02
7.340000000000000000e+02 3.200000000000000000e+02
7.350000000000000000e+02 3.200000000000000000e+02
7.360000000000000000e+02 3.210000000000000000e+02
7.360000000000000000e+02 3.210000000000000000e+02
7.360000000000000000e+02 3.210000000000000000e+02
7.360000000000000000e+02 3.210000000000000000e+02
7.360000000000000000e+02 3.210000000000000000e+02
7.390000000000000000e+02 3.270000000000000000e+02
7.390000000000000000e+02 3.270000000000000000e+02
7.390000000000000000e+02 3.270000000000000000e+02
7.390000000000000000e+02 3.270000000000000000e+02
7.390000000000000000e+02 3.270000000000000000e+02
7.390000000000000000e+02 3.270000000000000000e+02
7.390000000000000000e+02 3.270000000000000000e+02
7.390000000000000000e+02 3.270000000000000000e+02
7.390000000000000000e+02 3.270000000000000000e+02
7.390000000000000000e+02 3.270000000000000000e+02
7.390000000000000000e+02 3.270000000000000000e+02
7.390000000000000000e+02 3.280000000000000000e+02
7.370000000000000000e+02 3.290000000000000000e+02
7.370000000000000000e+02 3.290000000000000000e+02
7.370000000000000000e+02 3.290000000000000000e+02
7.330000000000000000e+02 3.330000000000000000e+02
7.220000000000000000e+02 3.600000000000000000e+02
7.200000000000000000e+02 4.130000000000000000e+02
7.575435114503973182e+02 4.799664122137447180e+02
8.050000000000000000e+02 5.080000000000000000e+02
8.176482002383797862e+02 5.481205005959493519e+02
8.280000000000000000e+02 5.650000000000000000e+02
8.310000000000000000e+02 5.730000000000000000e+02
8.340000000000000000e+02 5.810000000000000000e+02
8.420000000000000000e+02 5.940000000000000000e+02
8.460000000000000000e+02 5.980000000000000000e+02
8.460000000000000000e+02 6.000000000000000000e+02
8.490000000000000000e+02 6.100000000000000000e+02
8.510000000000000000e+02 6.220000000000000000e+02
8.530000000000000000e+02 6.270000000000000000e+02
8.540000000000000000e+02 6.300000000000000000e+02
8.540000000000000000e+02 6.300000000000000000e+02
8.540000000000000000e+02 6.300000000000000000e+02
8.540000000000000000e+02 6.300000000000000000e+02
8.540000000000000000e+02 6.300000000000000000e+02
8.530000000000000000e+02 6.280000000000000000e+02
8.500000000000000000e+02 6.260000000000000000e+02
8.500000000000000000e+02 6.250000000000000000e+02
8.480000000000000000e+02 6.240000000000000000e+02
8.460000000000000000e+02 6.220000000000000000e+02
8.460000000000000000e+02 6.220000000000000000e+02
8.460000000000000000e+02 6.220000000000000000e+02
8.460000000000000000e+02 6.220000000000000000e+02
8.460000000000000000e+02 6.220000000000000000e+02
8.460000000000000000e+02 6.220000000000000000e+02
8.460000000000000000e+02 6.220000000000000000e+02
8.460000000000000000e+02 6.220000000000000000e+02
8.460000000000000000e+02 6.220000000000000000e+02
8.310000000000000000e+02 5.980000000000000000e+02
7.870000000000000000e+02 5.820000000000000000e+02
7.262321396103097868e+02 5.546996744391753964e+02
7.191469925550994731e+02 5.527673616059362303e+02
7.120618454998891593e+02 5.508350487726970641e+02
4.360000000000000000e+02 4.190000000000000000e+02
3.980000000000000000e+02 4.020000000000000000e+02
3.660000000000000000e+02 3.890000000000000000e+02
3.260000000000000000e+02 3.800000000000000000e+02
2.930000000000000000e+02 3.720000000000000000e+02
2.850000000000000000e+02 3.700000000000000000e+02
2.807728902701410334e+02 3.695909634233803445e+02
2.700000000000000000e+02 3.660000000000000000e+02
2.520000000000000000e+02 3.610000000000000000e+02
2.430000000000000000e+02 3.610000000000000000e+02
2.400000000000000000e+02 3.610000000000000000e+02
2.370000000000000000e+02 3.610000000000000000e+02
2.350000000000000000e+02 3.590000000000000000e+02
2.300000000000000000e+02 3.570000000000000000e+02
2.270000000000000000e+02 3.560000000000000000e+02
2.250000000000000000e+02 3.550000000000000000e+02
2.250000000000000000e+02 3.550000000000000000e+02
2.240000000000000000e+02 3.550000000000000000e+02
2.240000000000000000e+02 3.550000000000000000e+02
2.240000000000000000e+02 3.550000000000000000e+02
2.210000000000000000e+02 3.540000000000000000e+02
2.210000000000000000e+02 3.540000000000000000e+02
2.210000000000000000e+02 3.540000000000000000e+02
2.210000000000000000e+02 3.540000000000000000e+02
2.210000000000000000e+02 3.540000000000000000e+02
2.210000000000000000e+02 3.540000000000000000e+02
2.200000000000000000e+02 3.540000000000000000e+02
2.200000000000000000e+02 3.550000000000000000e+02
2.200000000000000000e+02 3.550000000000000000e+02
2.200000000000000000e+02 3.550000000000000000e+02
2.233032462949880141e+02 3.650577981651558162e+02
2.320000000000000000e+02 3.700000000000000000e+02
2.370000000000000000e+02 3.690000000000000000e+02
2.420000000000000000e+02 3.460000000000000000e+02
2.220000000000000000e+02 2.770000000000000000e+02
2.120000000000000000e+02 2.410000000000000000e+02
2.120000000000000000e+02 2.280000000000000000e+02
2.140000000000000000e+02 2.170000000000000000e+02
2.120000000000000000e+02 1.900000000000000000e+02
2.140000000000000000e+02 1.752146401375539426e+02
2.140000000000000000e+02 1.660000000000000000e+02
2.160000000000000000e+02 1.520000000000000000e+02
2.160000000000000000e+02 1.510000000000000000e+02
2.160000000000000000e+02 1.490000000000000000e+02
2.160000000000000000e+02 1.490000000000000000e+02
2.160000000000000000e+02 1.470000000000000000e+02
2.110000000000000000e+02 1.470000000000000000e+02
2.110000000000000000e+02 1.470000000000000000e+02
2.100000000000000000e+02 1.470000000000000000e+02
2.100000000000000000e+02 1.470000000000000000e+02
2.100000000000000000e+02 1.470000000000000000e+02
2.090000000000000000e+02 1.470000000000000000e+02
2.088021030695141462e+02 1.470000000000000000e+02
2.085933932248359497e+02 1.470000000000000000e+02
2.083846833801577816e+02 1.470000000000000000e+02
2.081759735354795851e+02 1.470000000000000000e+02
2.080000000000000000e+02 1.470000000000000000e+02
2.080000000000000000e+02 1.460000000000000000e+02
2.080000000000000000e+02 1.460000000000000000e+02
2.080000000000000000e+02 1.460000000000000000e+02
2.150000000000000000e+02 1.420000000000000000e+02
2.340000000000000000e+02 1.750000000000000000e+02
2.520000000000000000e+02 2.190000000000000000e+02
3.010000000000000000e+02 3.170000000000000000e+02
3.320000000000000000e+02 3.930000000000000000e+02
3.640000000000000000e+02 4.270000000000000000e+02
3.800000000000000000e+02 4.540000000000000000e+02
3.930000000000000000e+02 4.770000000000000000e+02
4.140000000000000000e+02 5.060000000000000000e+02
4.360000000000000000e+02 5.290000000000000000e+02
4.430000000000000000e+02 5.380000000000000000e+02
4.480000000000000000e+02 5.440000000000000000e+02
4.480000000000000000e+02 5.550000000000000000e+02
4.510000000000000000e+02 5.580000000000000000e+02
4.530000000000000000e+02 5.590000000000000000e+02
4.550000000000000000e+02 5.610000000000000000e+02
4.560000000000000000e+02 5.620000000000000000e+02
4.580000000000000000e+02 5.620000000000000000e+02
4.590000000000000000e+02 5.630000000000000000e+02
4.590000000000000000e+02 5.630000000000000000e+02
4.600000000000000000e+02 5.630000000000000000e+02
4.600000000000000000e+02 5.630000000000000000e+02
4.600000000000000000e+02 5.630000000000000000e+02
4.600000000000000000e+02 5.630000000000000000e+02
4.600000000000000000e+02 5.630000000000000000e+02
4.600000000000000000e+02 5.630000000000000000e+02
4.600000000000000000e+02 5.630000000000000000e+02
4.620000000000000000e+02 5.630000000000000000e+02
4.630000000000000000e+02 5.630000000000000000e+02
4.640000000000000000e+02 5.640000000000000000e+02
4.640000000000000000e+02 5.660000000000000000e+02
4.640000000000000000e+02 5.660000000000000000e+02
4.630000000000000000e+02 5.680000000000000000e+02
4.620000000000000000e+02 5.670000000000000000e+02
4.640000000000000000e+02 5.640000000000000000e+02
4.847933269780842807e+02 5.378076263107608384e+02
5.670000000000000000e+02 5.160000000000000000e+02
6.592653828088357386e+02 4.914217942696118939e+02
6.740000000000000000e+02 4.860000000000000000e+02
6.860000000000000000e+02 4.770000000000000000e+02
6.880000000000000000e+02 4.750000000000000000e+02
6.950000000000000000e+02 4.600000000000000000e+02
6.960000000000000000e+02 4.510000000000000000e+02
6.970000000000000000e+02 4.380000000000000000e+02
6.970000000000000000e+02 4.300000000000000000e+02
6.970000000000000000e+02 4.280000000000000000e+02
6.970000000000000000e+02 4.270000000000000000e+02
6.970000000000000000e+02 4.270000000000000000e+02
6.900000000000000000e+02 4.250000000000000000e+02
6.830000000000000000e+02 4.260000000000000000e+02
6.820000000000000000e+02 4.270000000000000000e+02
6.820000000000000000e+02 4.270000000000000000e+02
6.820000000000000000e+02 4.270000000000000000e+02
6.820000000000000000e+02 4.270000000000000000e+02
6.820000000000000000e+02 4.270000000000000000e+02
6.820000000000000000e+02 4.270000000000000000e+02
6.820000000000000000e+02 4.270000000000000000e+02
6.820000000000000000e+02 4.270000000000000000e+02
6.820000000000000000e+02 4.270000000000000000e+02
6.820000000000000000e+02 4.270000000000000000e+02
6.820000000000000000e+02 4.270000000000000000e+02
6.820000000000000000e+02 4.270000000000000000e+02
6.820000000000000000e+02 4.270000000000000000e+02
6.820000000000000000e+02 4.270000000000000000e+02
6.820000000000000000e+02 4.270000000000000000e+02
6.800000000000000000e+02 4.220000000000000000e+02
6.589576757532281590e+02 4.008744619799139173e+02
5.780000000000000000e+02 3.510000000000000000e+02
4.646864999999850738e+02 2.976460714285749987e+02
4.320000000000000000e+02 2.800000000000000000e+02
4.000000000000000000e+02 2.680000000000000000e+02
3.560000000000000000e+02 2.480000000000000000e+02
3.140000000000000000e+02 2.270000000000000000e+02
3.124649954812805390e+02 2.267324977406402695e+02
3.083222888918518265e+02 2.246611444459259133e+02
3.050000000000000000e+02 2.230000000000000000e+02
3.050000000000000000e+02 2.260000000000000000e+02
2.972437864304019399e+02 2.250000000000000000e+02
2.900000000000000000e+02 2.250000000000000000e+02
2.800000000000000000e+02 2.250000000000000000e+02
2.790000000000000000e+02 2.250000000000000000e+02
2.770000000000000000e+02 2.240000000000000000e+02
2.740000000000000000e+02 2.230000000000000000e+02
2.730000000000000000e+02 2.220000000000000000e+02
2.720000000000000000e+02 2.220000000000000000e+02
2.720000000000000000e+02 2.220000000000000000e+02
2.720000000000000000e+02 2.200000000000000000e+02
2.720000000000000000e+02 2.200000000000000000e+02
2.700000000000000000e+02 2.200000000000000000e+02
2.700000000000000000e+02 2.190000000000000000e+02
2.700000000000000000e+02 2.180000000000000000e+02
2.700000000000000000e+02 2.180000000000000000e+02
2.700000000000000000e+02 2.180000000000000000e+02
2.700000000000000000e+02 2.180000000000000000e+02
2.700000000000000000e+02 2.180000000000000000e+02
2.730000000000000000e+02 2.200000000000000000e+02
2.960000000000000000e+02 2.380000000000000000e+02
3.440000000000000000e+02 2.450000000000000000e+02
4.400000000000000000e+02 2.430000000000000000e+02
5.700000000000000000e+02 2.310000000000000000e+02
6.720000000000000000e+02 2.340000000000000000e+02
6.819748701625062495e+02 2.347672977048081862e+02
7.320000000000000000e+02 2.350000000000000000e+02
7.440000000000000000e+02 2.340000000000000000e+02
7.786818021409351331e+02 2.330000000000000000e+02
8.250000000000000000e+02 2.330000000000000000e+02
8.410000000000000000e+02 2.340000000000000000e+02
8.420000000000000000e+02 2.340000000000000000e+02
8.521382854417564658e+02 2.360000000000000000e+02
8.560000000000000000e+02 2.370000000000000000e+02
8.620000000000000000e+02 2.410000000000000000e+02
8.670000000000000000e+02 2.470000000000000000e+02
8.670000000000000000e+02 2.470000000000000000e+02
8.670000000000000000e+02 2.470000000000000000e+02
8.700000000000000000e+02 2.500000000000000000e+02
8.700000000000000000e+02 2.510000000000000000e+02
8.700000000000000000e+02 2.510000000000000000e+02
8.700000000000000000e+02 2.510000000000000000e+02
8.700000000000000000e+02 2.510000000000000000e+02
8.700000000000000000e+02 2.510000000000000000e+02
8.700000000000000000e+02 2.510000000000000000e+02
8.700000000000000000e+02 2.510000000000000000e+02
8.700000000000000000e+02 2.510000000000000000e+02
8.700000000000000000e+02 2.510000000000000000e+02
8.700000000000000000e+02 2.530000000000000000e+02
8.650000000000000000e+02 2.690000000000000000e+02
8.380000000000000000e+02 2.750000000000000000e+02
7.280000000000000000e+02 2.890000000000000000e+02
6.744970803136600352e+02 2.889996843582335373e+02
4.150000000000000000e+02 2.890000000000000000e+02
3.582703549571544954e+02 2.844869522643497817e+02
3.060000000000000000e+02 2.940000000000000000e+02
2.526928293888895496e+02 3.049230189567900311e+02
2.380000000000000000e+02 3.070000000000000000e+02
2.310000000000000000e+02 3.080000000000000000e+02
2.140000000000000000e+02 3.120000000000000000e+02
2.120000000000000000e+02 3.130000000000000000e+02
2.040000000000000000e+02 3.160000000000000000e+02
1.880000000000000000e+02 3.190000000000000000e+02
1.790000000000000000e+02 3.210000000000000000e+02
1.750000000000000000e+02 3.220000000000000000e+02
1.640000000000000000e+02 3.240000000000000000e+02
1.540000000000000000e+02 3.250000000000000000e+02
1.470000000000000000e+02 3.270000000000000000e+02
1.440000000000000000e+02 3.270000000000000000e+02
1.400000000000000000e+02 3.270000000000000000e+02
1.390000000000000000e+02 3.270000000000000000e+02
1.350000000000000000e+02 3.270000000000000000e+02
1.340000000000000000e+02 3.260000000000000000e+02
1.310000000000000000e+02 3.240000000000000000e+02
1.300000000000000000e+02 3.240000000000000000e+02
1.280000000000000000e+02 3.210000000000000000e+02
1.280000000000000000e+02 3.210000000000000000e+02
1.270000000000000000e+02 3.210000000000000000e+02
1.270000000000000000e+02 3.210000000000000000e+02
1.270000000000000000e+02 3.210000000000000000e+02
1.270000000000000000e+02 3.210000000000000000e+02
1.270000000000000000e+02 3.210000000000000000e+02
1.270000000000000000e+02 3.210000000000000000e+02
1.270000000000000000e+02 3.210000000000000000e+02
1.390000000000000000e+02 3.240000000000000000e+02
1.840000000000000000e+02 3.270000000000000000e+02
3.120000000000000000e+02 3.070000000000000000e+02
4.220000000000000000e+02 3.080000000000000000e+02
5.400000000000000000e+02 2.780000000000000000e+02
6.338968816948799940e+02 2.650515591525600030e+02
6.580000000000000000e+02 2.690000000000000000e+02
7.010000000000000000e+02 2.620000000000000000e+02
7.230000000000000000e+02 2.590000000000000000e+02
7.570000000000000000e+02 2.390000000000000000e+02
7.560000000000000000e+02 2.440000000000000000e+02
7.670000000000000000e+02 2.420000000000000000e+02
7.720000000000000000e+02 2.410000000000000000e+02
7.810000000000000000e+02 2.370000000000000000e+02
7.880000000000000000e+02 2.360000000000000000e+02
7.910000000000000000e+02 2.340000000000000000e+02
7.940000000000000000e+02 2.340000000000000000e+02
7.940000000000000000e+02 2.340000000000000000e+02
7.940000000000000000e+02 2.340000000000000000e+02
7.960000000000000000e+02 2.350000000000000000e+02
7.960000000000000000e+02 2.350000000000000000e+02
7.960000000000000000e+02 2.350000000000000000e+02
7.960000000000000000e+02 2.350000000000000000e+02
7.960000000000000000e+02 2.350000000000000000e+02
7.960000000000000000e+02 2.350000000000000000e+02
7.960000000000000000e+02 2.350000000000000000e+02
7.960000000000000000e+02 2.350000000000000000e+02
7.960000000000000000e+02 2.350000000000000000e+02
7.960000000000000000e+02 2.350000000000000000e+02
7.960000000000000000e+02 2.350000000000000000e+02
7.960000000000000000e+02 2.350000000000000000e+02
7.960000000000000000e+02 2.350000000000000000e+02
7.890000000000000000e+02 2.390000000000000000e+02
7.850000000000000000e+02 2.500000000000000000e+02
7.880000000000000000e+02 2.660000000000000000e+02
8.180000000000000000e+02 3.000000000000000000e+02
8.350000000000000000e+02 3.180000000000000000e+02
8.410000000000000000e+02 3.310000000000000000e+02
8.537087887653626694e+02 3.491359859567033368e+02
8.700000000000000000e+02 3.690000000000000000e+02
8.739970163279788267e+02 3.761377422765350502e+02
8.820000000000000000e+02 3.880000000000000000e+02
8.850000000000000000e+02 3.920000000000000000e+02
8.880000000000000000e+02 3.960000000000000000e+02
8.880000000000000000e+02 4.000000000000000000e+02
8.880000000000000000e+02 4.050000000000000000e+02
8.870000000000000000e+02 4.090000000000000000e+02
8.850000000000000000e+02 4.130000000000000000e+02
8.850000000000000000e+02 4.130000000000000000e+02
8.820000000000000000e+02 4.120000000000000000e+02
8.810000000000000000e+02 4.070000000000000000e+02
8.800000000000000000e+02 4.015666150732229767e+02
8.790000000000000000e+02 3.970000000000000000e+02
8.790000000000000000e+02 3.960000000000000000e+02
8.790000000000000000e+02 3.960000000000000000e+02
8.790000000000000000e+02 3.960000000000000000e+02
8.790000000000000000e+02 3.960000000000000000e+02
8.790000000000000000e+02 3.960000000000000000e+02
8.790000000000000000e+02 3.960000000000000000e+02
8.790000000000000000e+02 3.960000000000000000e+02
8.790000000000000000e+02 3.960000000000000000e+02
8.790000000000000000e+02 3.960000000000000000e+02
8.790000000000000000e+02 3.960000000000000000e+02
8.790000000000000000e+02 3.960000000000000000e+02
8.770000000000000000e+02 3.960000000000000000e+02
8.730000000000000000e+02 3.930000000000000000e+02
8.360000000000000000e+02 3.910000000000000000e+02
8.030000000000000000e+02 3.930000000000000000e+02
6.630000000000000000e+02 4.450000000000000000e+02
5.670000000000000000e+02 4.940000000000000000e+02
4.620000000000000000e+02 5.110000000000000000e+02
4.160000000000000000e+02 5.580000000000000000e+02
3.520835429548082516e+02 5.743341718192330063e+02
3.523847475422079469e+02 5.755389901688319014e+02
3.526859521296076991e+02 5.767438085184309102e+02
3.529871567170074513e+02 5.779486268680296917e+02
2.340000000000000000e+02 6.540000000000000000e+02
2.331941068113352173e+02 6.688705954591098362e+02
2.000000000000000000e+02 7.000000000000000000e+02
1.840000000000000000e+02 7.080000000000000000e+02
1.780000000000000000e+02 7.110000000000000000e+02
1.620000000000000000e+02 7.240000000000000000e+02
1.570000000000000000e+02 7.280000000000000000e+02
1.500000000000000000e+02 7.290000000000000000e+02
1.400000000000000000e+02 7.320000000000000000e+02
1.280000000000000000e+02 7.360000000000000000e+02
1.200000000000000000e+02 7.410000000000000000e+02
1.190000000000000000e+02 7.410000000000000000e+02
1.190000000000000000e+02 7.410000000000000000e+02
1.190000000000000000e+02 7.410000000000000000e+02
1.190000000000000000e+02 7.410000000000000000e+02
1.190000000000000000e+02 7.410000000000000000e+02
1.180000000000000000e+02 7.410000000000000000e+02
1.170000000000000000e+02 7.410000000000000000e+02
1.160000000000000000e+02 7.410000000000000000e+02
1.160000000000000000e+02 7.410000000000000000e+02
1.160000000000000000e+02 7.410000000000000000e+02
1.160000000000000000e+02 7.410000000000000000e+02
1.160000000000000000e+02 7.410000000000000000e+02
1.160000000000000000e+02 7.410000000000000000e+02
1.160000000000000000e+02 7.410000000000000000e+02
1.160000000000000000e+02 7.410000000000000000e+02
1.160000000000000000e+02 7.410000000000000000e+02
1.360000000000000000e+02 7.300000000000000000e+02
1.594766773924670247e+02 6.816120605410076223e+02
2.020000000000000000e+02 5.620000000000000000e+02
2.208682078169685497e+02 5.156589609151573086e+02
2.300000000000000000e+02 4.520000000000000000e+02
2.476739726027539348e+02 3.313260273972460936e+02
2.540000000000000000e+02 3.010000000000000000e+02
2.600000000000000000e+02 2.780000000000000000e+02
2.580000000000000000e+02 2.600000000000000000e+02
2.560000000000000000e+02 2.320000000000000000e+02
2.580000000000000000e+02 2.030000000000000000e+02
2.680000000000000000e+02 1.760000000000000000e+02
2.740000000000000000e+02 1.630000000000000000e+02
2.820000000000000000e+02 1.590000000000000000e+02
2.874271726399646241e+02 1.580000000000000000e+02
2.890000000000000000e+02 1.580000000000000000e+02
2.909202582159652479e+02 1.580000000000000000e+02
2.960000000000000000e+02 1.560000000000000000e+02
3.010000000000000000e+02 1.540000000000000000e+02
3.030000000000000000e+02 1.530000000000000000e+02
3.030000000000000000e+02 1.530000000000000000e+02
3.030000000000000000e+02 1.530000000000000000e+02
3.030000000000000000e+02 1.530000000000000000e+02
3.030000000000000000e+02 1.530000000000000000e+02
2.980000000000000000e+02 1.540000000000000000e+02
2.980000000000000000e+02 1.540000000000000000e+02
2.980000000000000000e+02 1.540000000000000000e+02
2.980000000000000000e+02 1.540000000000000000e+02
2.980000000000000000e+02 1.540000000000000000e+02
2.980000000000000000e+02 1.540000000000000000e+02
2.980000000000000000e+02 1.540000000000000000e+02
2.990000000000000000e+02 1.550000000000000000e+02
3.050000000000000000e+02 1.590000000000000000e+02
3.220000000000000000e+02 1.740000000000000000e+02
3.290000000000000000e+02 2.140000000000000000e+02
3.420000000000000000e+02 2.770000000000000000e+02
3.606890772128172671e+02 3.499895009416560470e+02
3.780000000000000000e+02 3.860000000000000000e+02
3.880000000000000000e+02 3.990000000000000000e+02
3.910000000000000000e+02 4.040000000000000000e+02
3.990000000000000000e+02 4.170000000000000000e+02
4.050000000000000000e+02 4.280000000000000000e+02
4.130000000000000000e+02 4.480000000000000000e+02
4.180000000000000000e+02 4.550000000000000000e+02
4.230000000000000000e+02 4.620000000000000000e+02
4.270000000000000000e+02 4.694286884258708596e+02
4.270000000000000000e+02 4.770000000000000000e+02
4.260000000000000000e+02 4.800000000000000000e+02
4.260000000000000000e+02 4.810000000000000000e+02
4.240000000000000000e+02 4.880000000000000000e+02
4.220000000000000000e+02 4.910000000000000000e+02
4.220000000000000000e+02 4.910000000000000000e+02
4.220000000000000000e+02 4.930000000000000000e+02
4.210000000000000000e+02 4.960000000000000000e+02
4.190000000000000000e+02 4.970000000000000000e+02
4.190000000000000000e+02 4.970000000000000000e+02
4.190000000000000000e+02 4.990000000000000000e+02
4.180000000000000000e+02 5.010000000000000000e+02
4.180000000000000000e+02 5.010000000000000000e+02
4.190000000000000000e+02 5.010000000000000000e+02
4.190000000000000000e+02 5.010000000000000000e+02
4.190000000000000000e+02 5.010000000000000000e+02
4.190000000000000000e+02 5.010000000000000000e+02
4.190000000000000000e+02 5.010000000000000000e+02
4.190000000000000000e+02 5.010000000000000000e+02
4.190000000000000000e+02 5.010000000000000000e+02
4.190000000000000000e+02 5.010000000000000000e+02
4.190000000000000000e+02 4.990000000000000000e+02
4.190000000000000000e+02 4.940000000000000000e+02
4.190000000000000000e+02 4.940000000000000000e+02
4.190000000000000000e+02 4.940000000000000000e+02
4.240000000000000000e+02 4.940000000000000000e+02
4.550000000000000000e+02 5.250000000000000000e+02
5.112196713388109970e+02 5.954393426776219940e+02
5.470000000000000000e+02 6.270000000000000000e+02
5.410000000000000000e+02 6.322180472666522064e+02
5.430000000000000000e+02 6.450000000000000000e+02
5.510000000000000000e+02 6.700000000000000000e+02
5.610000000000000000e+02 6.950000000000000000e+02
5.790000000000000000e+02 7.110000000000000000e+02
5.840000000000000000e+02 7.200000000000000000e+02
5.940000000000000000e+02 7.400000000000000000e+02
6.060000000000000000e+02 7.520000000000000000e+02
6.081323690284392569e+02 7.551323690284392569e+02
6.083442014939319051e+02 7.553442014939319051e+02
6.085560339594244397e+02 7.555560339594244397e+02
6.087678664249170879e+02 7.557678664249170879e+02
6.089796988904096224e+02 7.559796988904096224e+02
6.140000000000000000e+02 7.600000000000000000e+02
6.150000000000000000e+02 7.600000000000000000e+02
6.150000000000000000e+02 7.600000000000000000e+02
6.160000000000000000e+02 7.600000000000000000e+02
6.160000000000000000e+02 7.600000000000000000e+02
6.160000000000000000e+02 7.600000000000000000e+02
6.160000000000000000e+02 7.610000000000000000e+02
6.160000000000000000e+02 7.640000000000000000e+02
6.160000000000000000e+02 7.670000000000000000e+02
6.150000000000000000e+02 7.700000000000000000e+02
6.150000000000000000e+02 7.700000000000000000e+02
6.150000000000000000e+02 7.700000000000000000e+02
6.150000000000000000e+02 7.700000000000000000e+02
6.150000000000000000e+02 7.700000000000000000e+02
6.170000000000000000e+02 7.690000000000000000e+02
6.170000000000000000e+02 7.690000000000000000e+02
6.170000000000000000e+02 7.690000000000000000e+02
6.180000000000000000e+02 7.690000000000000000e+02
6.180000000000000000e+02 7.690000000000000000e+02
6.170000000000000000e+02 7.640000000000000000e+02
6.182777646781419207e+02 7.404351568026409041e+02
5.920000000000000000e+02 7.010000000000000000e+02
5.764707265956679976e+02 7.013058546808664460e+02
4.820000000000000000e+02 7.260000000000000000e+02
3.920000000000000000e+02 7.310000000000000000e+02
3.480000000000000000e+02 7.460000000000000000e+02
3.300000000000000000e+02 7.500000000000000000e+02
3.120000000000000000e+02 7.480000000000000000e+02
2.590000000000000000e+02 7.480000000000000000e+02
2.350000000000000000e+02 7.500000000000000000e+02
2.240000000000000000e+02 7.540000000000000000e+02
1.938890345649476217e+02 7.500000000000000000e+02
1.800000000000000000e+02 7.500000000000000000e+02
1.783779976162069261e+02 7.500000000000000000e+02
1.740000000000000000e+02 7.490000000000000000e+02
1.720000000000000000e+02 7.490000000000000000e+02
1.700000000000000000e+02 7.480000000000000000e+02
1.680000000000000000e+02 7.480000000000000000e+02
1.670000000000000000e+02 7.480000000000000000e+02
1.640000000000000000e+02 7.480000000000000000e+02
1.640000000000000000e+02 7.480000000000000000e+02
1.640000000000000000e+02 7.480000000000000000e+02
1.640000000000000000e+02 7.480000000000000000e+02
1.640000000000000000e+02 7.480000000000000000e+02
1.640000000000000000e+02 7.480000000000000000e+02
1.640000000000000000e+02 7.480000000000000000e+02
1.700000000000000000e+02 7.480000000000000000e+02
1.820000000000000000e+02 7.430000000000000000e+02
2.020000000000000000e+02 7.150000000000000000e+02
2.137183867998951712e+02 6.708267749145403513e+02
2.290000000000000000e+02 5.700000000000000000e+02
2.320000000000000000e+02 5.000000000000000000e+02
2.300000000000000000e+02 4.190000000000000000e+02
2.270000000000000000e+02 3.549783241822515265e+02
2.150000000000000000e+02 2.910000000000000000e+02
2.207619269257621681e+02 2.652857807772865044e+02
2.170000000000000000e+02 2.530000000000000000e+02
2.150000000000000000e+02 2.380000000000000000e+02
2.130000000000000000e+02 2.200000000000000000e+02
2.210000000000000000e+02 1.970000000000000000e+02
2.360000000000000000e+02 1.800000000000000000e+02
2.510000000000000000e+02 1.650000000000000000e+02
2.570000000000000000e+02 1.570000000000000000e+02
2.630000000000000000e+02 1.470000000000000000e+02
2.680000000000000000e+02 1.410000000000000000e+02
2.700000000000000000e+02 1.390000000000000000e+02
2.732376080355098793e+02 1.367623919644900923e+02
2.750000000000000000e+02 1.340000000000000000e+02
2.750000000000000000e+02 1.340000000000000000e+02
2.750000000000000000e+02 1.340000000000000000e+02
2.750000000000000000e+02 1.340000000000000000e+02
2.750000000000000000e+02 1.340000000000000000e+02
2.750000000000000000e+02 1.340000000000000000e+02
2.750000000000000000e+02 1.340000000000000000e+02
2.750000000000000000e+02 1.340000000000000000e+02
2.750000000000000000e+02 1.340000000000000000e+02
2.810000000000000000e+02 1.410000000000000000e+02
2.825724452429712983e+02 1.441448904859425397e+02
2.900000000000000000e+02 2.560000000000000000e+02
2.950000000000000000e+02 3.400000000000000000e+02
2.950000000000000000e+02 3.990000000000000000e+02
3.050000000000000000e+02 4.430000000000000000e+02
3.150000000000000000e+02 4.660000000000000000e+02
3.310000000000000000e+02 4.960000000000000000e+02
3.400000000000000000e+02 5.140000000000000000e+02
3.450000000000000000e+02 5.410000000000000000e+02
3.410000000000000000e+02 5.736128500823828062e+02
3.380000000000000000e+02 5.960000000000000000e+02
3.380000000000000000e+02 5.990000000000000000e+02
3.370000000000000000e+02 6.020000000000000000e+02
3.350000000000000000e+02 6.030000000000000000e+02
3.160000000000000000e+02 6.100000000000000000e+02
3.140000000000000000e+02 5.990000000000000000e+02
3.120000000000000000e+02 5.950000000000000000e+02
3.120000000000000000e+02 5.940000000000000000e+02
3.110000000000000000e+02 5.940000000000000000e+02
3.110000000000000000e+02 5.930000000000000000e+02
3.090000000000000000e+02 5.846912908613667241e+02
3.090000000000000000e+02 5.810000000000000000e+02
3.110000000000000000e+02 5.810000000000000000e+02
3.130000000000000000e+02 5.810000000000000000e+02
3.140000000000000000e+02 5.810000000000000000e+02
3.140000000000000000e+02 5.810000000000000000e+02
3.140000000000000000e+02 5.820000000000000000e+02
3.140000000000000000e+02 5.820000000000000000e+02
3.140000000000000000e+02 5.820000000000000000e+02
3.140000000000000000e+02 5.820000000000000000e+02
3.140000000000000000e+02 5.820000000000000000e+02
3.140000000000000000e+02 5.820000000000000000e+02
3.160000000000000000e+02 5.840000000000000000e+02
3.160000000000000000e+02 5.840000000000000000e+02
3.160000000000000000e+02 5.840000000000000000e+02
3.160000000000000000e+02 5.840000000000000000e+02
3.160000000000000000e+02 5.840000000000000000e+02
3.160000000000000000e+02 5.840000000000000000e+02
3.180000000000000000e+02 5.560000000000000000e+02
3.110000000000000000e+02 4.990000000000000000e+02
2.910000000000000000e+02 4.180000000000000000e+02
2.600000000000000000e+02 3.650000000000000000e+02
2.460000000000000000e+02 3.260000000000000000e+02
2.350000000000000000e+02 2.910000000000000000e+02
2.273681261770202866e+02 2.619203154425507023e+02
2.200000000000000000e+02 2.390000000000000000e+02
2.120000000000000000e+02 2.210000000000000000e+02
2.080000000000000000e+02 2.160000000000000000e+02
1.980000000000000000e+02 2.030000000000000000e+02
1.900000000000000000e+02 1.870000000000000000e+02
1.840000000000000000e+02 1.730000000000000000e+02
1.840000000000000000e+02 1.720000000000000000e+02
1.820000000000000000e+02 1.660000000000000000e+02
1.773631076994649902e+02 1.613631076994649902e+02
1.750000000000000000e+02 1.580000000000000000e+02
1.750000000000000000e+02 1.580000000000000000e+02
1.750000000000000000e+02 1.580000000000000000e+02
1.750000000000000000e+02 1.580000000000000000e+02
1.750000000000000000e+02 1.580000000000000000e+02
1.600000000000000000e+02 1.510000000000000000e+02
1.530000000000000000e+02 1.410000000000000000e+02
1.520000000000000000e+02 1.410000000000000000e+02
1.520000000000000000e+02 1.410000000000000000e+02
1.520000000000000000e+02 1.410000000000000000e+02
1.520000000000000000e+02 1.410000000000000000e+02
1.520000000000000000e+02 1.410000000000000000e+02
1.520000000000000000e+02 1.410000000000000000e+02
1.520000000000000000e+02 1.410000000000000000e+02
1.540000000000000000e+02 1.440000000000000000e+02
1.550000000000000000e+02 1.440000000000000000e+02
1.570000000000000000e+02 1.450000000000000000e+02
1.570000000000000000e+02 1.460000000000000000e+02
1.590000000000000000e+02 1.470000000000000000e+02
1.590000000000000000e+02 1.470000000000000000e+02
1.590000000000000000e+02 1.470000000000000000e+02
1.590000000000000000e+02 1.470000000000000000e+02
1.590000000000000000e+02 1.470000000000000000e+02
1.590000000000000000e+02 1.470000000000000000e+02
1.590000000000000000e+02 1.470000000000000000e+02
1.590000000000000000e+02 1.470000000000000000e+02
1.590000000000000000e+02 1.470000000000000000e+02
1.700000000000000000e+02 1.640000000000000000e+02
1.707598996093852293e+02 1.647598996093852293e+02
2.340000000000000000e+02 2.540000000000000000e+02
2.830000000000000000e+02 2.870000000000000000e+02
3.340000000000000000e+02 3.490000000000000000e+02
3.692915613826182266e+02 3.929462932062234586e+02
3.980000000000000000e+02 4.350000000000000000e+02
4.401276038566837201e+02 4.793148434710153651e+02
4.710000000000000000e+02 5.050000000000000000e+02
4.945580894404176888e+02 5.275580894404176888e+02
5.110000000000000000e+02 5.520000000000000000e+02
5.300000000000000000e+02 5.770000000000000000e+02
5.480000000000000000e+02 5.990000000000000000e+02
5.650000000000000000e+02 6.160000000000000000e+02
5.810000000000000000e+02 6.300000000000000000e+02
5.850000000000000000e+02 6.360000000000000000e+02
5.890000000000000000e+02 6.370000000000000000e+02
5.910000000000000000e+02 6.400000000000000000e+02
5.950000000000000000e+02 6.410000000000000000e+02
5.980000000000000000e+02 6.430000000000000000e+02
6.068237083534553449e+02 6.458237083534553449e+02
6.070000000000000000e+02 6.460000000000000000e+02
6.070000000000000000e+02 6.460000000000000000e+02
6.070000000000000000e+02 6.460000000000000000e+02
6.070981663988869741e+02 6.459018336011130259e+02
6.079665810875723082e+02 6.450334189124276918e+02
6.130000000000000000e+02 6.420000000000000000e+02
6.130000000000000000e+02 6.420000000000000000e+02
6.130000000000000000e+02 6.420000000000000000e+02
6.130000000000000000e+02 6.420000000000000000e+02
6.130000000000000000e+02 6.420000000000000000e+02
6.130000000000000000e+02 6.420000000000000000e+02
6.130000000000000000e+02 6.420000000000000000e+02
6.130000000000000000e+02 6.420000000000000000e+02
6.170000000000000000e+02 6.370000000000000000e+02
6.080000000000000000e+02 5.990000000000000000e+02
5.981247007085208907e+02 5.594364524798232878e+02
5.900000000000000000e+02 5.340000000000000000e+02
5.870000000000000000e+02 5.090000000000000000e+02
5.870000000000000000e+02 4.940000000000000000e+02
5.830000000000000000e+02 4.700000000000000000e+02
5.810000000000000000e+02 4.490000000000000000e+02
5.760000000000000000e+02 4.340000000000000000e+02
5.760000000000000000e+02 4.280000000000000000e+02
5.760000000000000000e+02 4.230000000000000000e+02
5.760000000000000000e+02 4.230000000000000000e+02
5.760000000000000000e+02 4.230000000000000000e+02
5.760000000000000000e+02 4.230000000000000000e+02
5.760000000000000000e+02 4.230000000000000000e+02
5.779701524535499857e+02 4.240000000000000000e+02
5.810000000000000000e+02 4.290000000000000000e+02
5.810000000000000000e+02 4.290000000000000000e+02
5.820000000000000000e+02 4.290000000000000000e+02
5.840000000000000000e+02 4.310000000000000000e+02
5.840000000000000000e+02 4.310000000000000000e+02
5.840000000000000000e+02 4.310000000000000000e+02
5.840000000000000000e+02 4.310000000000000000e+02
5.840000000000000000e+02 4.310000000000000000e+02
5.820000000000000000e+02 4.290000000000000000e+02
5.820000000000000000e+02 4.290000000000000000e+02
5.810000000000000000e+02 4.290000000000000000e+02
5.800000000000000000e+02 4.280000000000000000e+02
5.800000000000000000e+02 4.270000000000000000e+02
5.800000000000000000e+02 4.270000000000000000e+02
5.800000000000000000e+02 4.270000000000000000e+02
5.800000000000000000e+02 4.270000000000000000e+02
5.820000000000000000e+02 4.280000000000000000e+02
5.910000000000000000e+02 4.340000000000000000e+02
5.910000000000000000e+02 4.340000000000000000e+02
5.780000000000000000e+02 4.160000000000000000e+02
5.220000000000000000e+02 3.360000000000000000e+02
4.480000000000000000e+02 2.510000000000000000e+02
4.260000000000000000e+02 2.240000000000000000e+02
4.140000000000000000e+02 2.080000000000000000e+02
3.933646161182613241e+02 1.885469241773920146e+02
3.890000000000000000e+02 1.810000000000000000e+02
3.870000000000000000e+02 1.800000000000000000e+02
3.780000000000000000e+02 1.800000000000000000e+02
3.680000000000000000e+02 1.810000000000000000e+02
3.620000000000000000e+02 1.830000000000000000e+02
3.590000000000000000e+02 1.840000000000000000e+02
3.530000000000000000e+02 1.860000000000000000e+02
3.459215028249655575e+02 1.890000000000000000e+02
3.457012246244145217e+02 1.890000000000000000e+02
3.454809464238635428e+02 1.890000000000000000e+02
3.452606682233125071e+02 1.890000000000000000e+02
3.450403900227614713e+02 1.890000000000000000e+02
3.420000000000000000e+02 1.910000000000000000e+02
3.420000000000000000e+02 1.910000000000000000e+02
3.410000000000000000e+02 1.900000000000000000e+02
3.410000000000000000e+02 1.890000000000000000e+02
3.410000000000000000e+02 1.890000000000000000e+02
3.410000000000000000e+02 1.890000000000000000e+02
3.410000000000000000e+02 1.890000000000000000e+02
3.410000000000000000e+02 1.890000000000000000e+02
3.410000000000000000e+02 1.890000000000000000e+02
3.410000000000000000e+02 1.890000000000000000e+02
3.410000000000000000e+02 1.890000000000000000e+02
3.450000000000000000e+02 1.880000000000000000e+02
3.780000000000000000e+02 2.440000000000000000e+02
3.960000000000000000e+02 3.230000000000000000e+02
4.430000000000000000e+02 3.840000000000000000e+02
4.760000000000000000e+02 4.440000000000000000e+02
5.110000000000000000e+02 5.000000000000000000e+02
5.304681737901822771e+02 5.464045213705467177e+02
5.390000000000000000e+02 5.900000000000000000e+02
5.450000000000000000e+02 6.100000000000000000e+02
5.520000000000000000e+02 6.350000000000000000e+02
5.560000000000000000e+02 6.470000000000000000e+02
5.570000000000000000e+02 6.490000000000000000e+02
5.578064487270600011e+02 6.490000000000000000e+02
5.600000000000000000e+02 6.500000000000000000e+02
5.600000000000000000e+02 6.500000000000000000e+02
5.600000000000000000e+02 6.500000000000000000e+02
5.600000000000000000e+02 6.500000000000000000e+02
5.600000000000000000e+02 6.500000000000000000e+02
5.600000000000000000e+02 6.500000000000000000e+02
5.600000000000000000e+02 6.500000000000000000e+02
5.600000000000000000e+02 6.500000000000000000e+02
5.600000000000000000e+02 6.510000000000000000e+02
5.600000000000000000e+02 6.510000000000000000e+02
5.600000000000000000e+02 6.510000000000000000e+02
5.600000000000000000e+02 6.510000000000000000e+02
5.600000000000000000e+02 6.510000000000000000e+02
5.600000000000000000e+02 6.520000000000000000e+02
5.600000000000000000e+02 6.520000000000000000e+02
5.600000000000000000e+02 6.520000000000000000e+02
5.600000000000000000e+02 6.520000000000000000e+02
5.600000000000000000e+02 6.520000000000000000e+02
5.600000000000000000e+02 6.520000000000000000e+02
5.600000000000000000e+02 6.520000000000000000e+02
5.600000000000000000e+02 6.520000000000000000e+02
5.570000000000000000e+02 6.520000000000000000e+02
5.550000000000000000e+02 6.510000000000000000e+02
5.550000000000000000e+02 6.420000000000000000e+02
5.640000000000000000e+02 6.290000000000000000e+02
5.860000000000000000e+02 6.240000000000000000e+02
6.031378313700273566e+02 6.188621686299726434e+02
6.360000000000000000e+02 5.980000000000000000e+02
6.514654374633021234e+02 5.925115208455659968e+02
6.640000000000000000e+02 5.860000000000000000e+02
6.730000000000000000e+02 5.800000000000000000e+02
6.830000000000000000e+02 5.760000000000000000e+02
6.840000000000000000e+02 5.760000000000000000e+02
6.840000000000000000e+02 5.760000000000000000e+02
6.840000000000000000e+02 5.760000000000000000e+02
6.840000000000000000e+02 5.760000000000000000e+02
6.840000000000000000e+02 5.770000000000000000e+02
6.840000000000000000e+02 5.790000000000000000e+02
6.840000000000000000e+02 5.790000000000000000e+02
6.840000000000000000e+02 5.790000000000000000e+02
6.840000000000000000e+02 5.790000000000000000e+02
6.840000000000000000e+02 5.790000000000000000e+02
6.840000000000000000e+02 5.790000000000000000e+02
6.840000000000000000e+02 5.790000000000000000e+02
6.840000000000000000e+02 5.790000000000000000e+02
6.790000000000000000e+02 5.740000000000000000e+02
6.640000000000000000e+02 5.750000000000000000e+02
6.405558117076067219e+02 5.756674351228202795e+02
6.379592982369254059e+02 5.678778947107763315e+02
4.460000000000000000e+02 6.610000000000000000e+02
3.870000000000000000e+02 6.810000000000000000e+02
3.020000000000000000e+02 6.850000000000000000e+02
2.150000000000000000e+02 7.180000000000000000e+02
2.140000000000000000e+02 7.200000000000000000e+02
2.060000000000000000e+02 7.260000000000000000e+02
1.980000000000000000e+02 7.330000000000000000e+02
1.760000000000000000e+02 7.480000000000000000e+02
1.701333809864146076e+02 7.518666190135853640e+02
1.600000000000000000e+02 7.610000000000000000e+02
1.390000000000000000e+02 7.760000000000000000e+02
1.370000000000000000e+02 7.810000000000000000e+02
1.360000000000000000e+02 7.840000000000000000e+02
1.350000000000000000e+02 7.860000000000000000e+02
1.330000000000000000e+02 7.890000000000000000e+02
1.300000000000000000e+02 7.910000000000000000e+02
1.240000000000000000e+02 7.970000000000000000e+02
1.190000000000000000e+02 8.010000000000000000e+02
1.190000000000000000e+02 8.010000000000000000e+02
1.160000000000000000e+02 8.010000000000000000e+02
1.140000000000000000e+02 8.020000000000000000e+02
1.050000000000000000e+02 8.060000000000000000e+02
1.050000000000000000e+02 8.060000000000000000e+02
1.050000000000000000e+02 8.060000000000000000e+02
1.050000000000000000e+02 8.060000000000000000e+02
1.050000000000000000e+02 8.060000000000000000e+02
1.060000000000000000e+02 8.060000000000000000e+02
1.080000000000000000e+02 8.060000000000000000e+02
1.120000000000000000e+02 8.020000000000000000e+02
1.130000000000000000e+02 8.020000000000000000e+02
1.130000000000000000e+02 8.020000000000000000e+02
1.130000000000000000e+02 8.020000000000000000e+02
1.130000000000000000e+02 8.020000000000000000e+02
1.120000000000000000e+02 8.020000000000000000e+02
1.110000000000000000e+02 8.030000000000000000e+02
1.100000000000000000e+02 8.030000000000000000e+02
1.070000000000000000e+02 7.980000000000000000e+02
9.500000000000000000e+01 7.880000000000000000e+02
7.500000000000000000e+01 7.890000000000000000e+02
5.500000000000000000e+01 7.980000000000000000e+02
5.200000000000000000e+01 8.000000000000000000e+02
5.000000000000000000e+01 8.000000000000000000e+02
4.800000000000000000e+01 8.000000000000000000e+02
4.139985663081155565e+01 8.000000000000000000e+02
3.600000000000000000e+01 8.000000000000000000e+02
2.500000000000000000e+01 8.000000000000000000e+02
1.900000000000000000e+01 8.010000000000000000e+02
1.900000000000000000e+01 8.010000000000000000e+02
1.900000000000000000e+01 8.010000000000000000e+02
2.200000000000000000e+01 8.020000000000000000e+02
2.400000000000000000e+01 8.020000000000000000e+02
2.900000000000000000e+01 8.050000000000000000e+02
2.900000000000000000e+01 8.050000000000000000e+02
2.900000000000000000e+01 8.050000000000000000e+02
2.900000000000000000e+01 8.050000000000000000e+02
2.900000000000000000e+01 8.050000000000000000e+02
2.900000000000000000e+01 8.050000000000000000e+02
2.900000000000000000e+01 8.050000000000000000e+02
2.900000000000000000e+01 8.050000000000000000e+02
3.300000000000000000e+01 8.070000000000000000e+02
5.500000000000000000e+01 8.140000000000000000e+02
7.859704269020647871e+01 7.816715955163225544e+02
1.000000000000000000e+02 7.210000000000000000e+02
1.312668255481325730e+02 6.230011916109942831e+02
1.570000000000000000e+02 5.510000000000000000e+02
1.630000000000000000e+02 5.080000000000000000e+02
1.680000000000000000e+02 4.780000000000000000e+02
1.770000000000000000e+02 4.470000000000000000e+02
1.700000000000000000e+02 4.250000000000000000e+02
1.720000000000000000e+02 3.960000000000000000e+02
1.730000000000000000e+02 3.810000000000000000e+02
1.730000000000000000e+02 3.730000000000000000e+02
1.720000000000000000e+02 3.690000000000000000e+02
1.700000000000000000e+02 3.610000000000000000e+02
1.690000000000000000e+02 3.503194656488521446e+02
1.690000000000000000e+02 3.440000000000000000e+02
1.690000000000000000e+02 3.430000000000000000e+02
1.670000000000000000e+02 3.420000000000000000e+02
1.770000000000000000e+02 3.290000000000000000e+02
1.760000000000000000e+02 3.290000000000000000e+02
1.750000000000000000e+02 3.270000000000000000e+02
1.750000000000000000e+02 3.260000000000000000e+02
1.750000000000000000e+02 3.260000000000000000e+02
1.750000000000000000e+02 3.260000000000000000e+02
1.730000000000000000e+02 3.260000000000000000e+02
1.710000000000000000e+02 3.260000000000000000e+02
1.710000000000000000e+02 3.260000000000000000e+02
1.680000000000000000e+02 3.260000000000000000e+02
1.680000000000000000e+02 3.260000000000000000e+02
1.680000000000000000e+02 3.260000000000000000e+02
1.680000000000000000e+02 3.260000000000000000e+02
1.680000000000000000e+02 3.260000000000000000e+02
1.680000000000000000e+02 3.260000000000000000e+02
1.680000000000000000e+02 3.260000000000000000e+02
1.859325622988426687e+02 3.307875283176557559e+02
2.290000000000000000e+02 3.490000000000000000e+02
2.750000000000000000e+02 3.850000000000000000e+02
3.980000000000000000e+02 4.650000000000000000e+02
4.672878433245589918e+02 5.128585622163726612e+02
5.200000000000000000e+02 5.490000000000000000e+02
5.680000000000000000e+02 5.770000000000000000e+02
6.050000000000000000e+02 5.930000000000000000e+02
6.420000000000000000e+02 6.100000000000000000e+02
6.630000000000000000e+02 6.260000000000000000e+02
6.910000000000000000e+02 6.540000000000000000e+02
7.130000000000000000e+02 6.740000000000000000e+02
7.380000000000000000e+02 6.890000000000000000e+02
7.510704577968526792e+02 6.983568192656175597e+02
7.600000000000000000e+02 7.140000000000000000e+02
7.630000000000000000e+02 7.188574457946194798e+02
7.660000000000000000e+02 7.200000000000000000e+02
7.660000000000000000e+02 7.220000000000000000e+02
7.660000000000000000e+02 7.220000000000000000e+02
7.660000000000000000e+02 7.220000000000000000e+02
7.660000000000000000e+02 7.220000000000000000e+02
7.660000000000000000e+02 7.220000000000000000e+02
7.660000000000000000e+02 7.210000000000000000e+02
7.650000000000000000e+02 7.200000000000000000e+02
7.650000000000000000e+02 7.200000000000000000e+02
7.660000000000000000e+02 7.180000000000000000e+02
7.670000000000000000e+02 7.180000000000000000e+02
7.690000000000000000e+02 7.160000000000000000e+02
7.710000000000000000e+02 7.160000000000000000e+02
7.710000000000000000e+02 7.160000000000000000e+02
7.710000000000000000e+02 7.160000000000000000e+02
7.710000000000000000e+02 7.160000000000000000e+02
7.710000000000000000e+02 7.160000000000000000e+02
7.710000000000000000e+02 7.160000000000000000e+02
7.710000000000000000e+02 7.160000000000000000e+02
7.710000000000000000e+02 7.145706933523774751e+02
7.510000000000000000e+02 6.840000000000000000e+02
6.780000000000000000e+02 6.380000000000000000e+02
6.080000000000000000e+02 6.010000000000000000e+02
5.590000000000000000e+02 5.810000000000000000e+02
5.430000000000000000e+02 5.710000000000000000e+02
5.150000000000000000e+02 5.540000000000000000e+02
5.010000000000000000e+02 5.430000000000000000e+02
4.930000000000000000e+02 5.350000000000000000e+02
4.900000000000000000e+02 5.310000000000000000e+02
4.870000000000000000e+02 5.260000000000000000e+02
4.864157656556499205e+02 5.219775898973873609e+02
4.839149732588435313e+02 5.176012032029761940e+02
4.810000000000000000e+02 5.130000000000000000e+02
4.800000000000000000e+02 5.120000000000000000e+02
4.800000000000000000e+02 5.120000000000000000e+02
4.770000000000000000e+02 5.090000000000000000e+02
4.760000000000000000e+02 5.070000000000000000e+02
4.760000000000000000e+02 5.070000000000000000e+02
4.760000000000000000e+02 5.070000000000000000e+02
4.760000000000000000e+02 5.070000000000000000e+02
4.760000000000000000e+02 5.070000000000000000e+02
4.767144081924296302e+02 5.077144081924296302e+02
4.800000000000000000e+02 5.100000000000000000e+02
4.800000000000000000e+02 5.100000000000000000e+02
4.820000000000000000e+02 5.100000000000000000e+02
4.820000000000000000e+02 5.100000000000000000e+02
4.820000000000000000e+02 5.100000000000000000e+02
4.820000000000000000e+02 5.100000000000000000e+02
4.820000000000000000e+02 5.100000000000000000e+02
4.820000000000000000e+02 5.100000000000000000e+02
4.820000000000000000e+02 5.100000000000000000e+02
4.810000000000000000e+02 5.060000000000000000e+02
4.620672148730782851e+02 4.944973185555952568e+02
3.580000000000000000e+02 4.430000000000000000e+02
3.140000000000000000e+02 3.990000000000000000e+02
3.120000000000000000e+02 3.940000000000000000e+02
3.110000000000000000e+02 3.920000000000000000e+02
3.055290278800479200e+02 3.833559723365241894e+02
2.926604640418136114e+02 3.689734598114387154e+02
2.859883672140626345e+02 3.651976734428125155e+02
2.809312112662465211e+02 3.641862422532493042e+02
2.650000000000000000e+02 3.660000000000000000e+02
2.630000000000000000e+02 3.640000000000000000e+02
2.610000000000000000e+02 3.630000000000000000e+02
2.590000000000000000e+02 3.610000000000000000e+02
2.590000000000000000e+02 3.610000000000000000e+02
2.590000000000000000e+02 3.610000000000000000e+02
2.590000000000000000e+02 3.610000000000000000e+02
2.590000000000000000e+02 3.610000000000000000e+02
2.590000000000000000e+02 3.610000000000000000e+02
2.590000000000000000e+02 3.580000000000000000e+02
2.620000000000000000e+02 3.570000000000000000e+02
2.640000000000000000e+02 3.550000000000000000e+02
2.660000000000000000e+02 3.530000000000000000e+02
2.670000000000000000e+02 3.530000000000000000e+02
2.670000000000000000e+02 3.530000000000000000e+02
2.670000000000000000e+02 3.530000000000000000e+02
2.670000000000000000e+02 3.530000000000000000e+02
2.670000000000000000e+02 3.530000000000000000e+02
2.670000000000000000e+02 3.530000000000000000e+02
2.670000000000000000e+02 3.530000000000000000e+02
2.670000000000000000e+02 3.530000000000000000e+02
2.670000000000000000e+02 3.530000000000000000e+02
2.670000000000000000e+02 3.530000000000000000e+02
2.690000000000000000e+02 3.480000000000000000e+02
2.660000000000000000e+02 3.420082038794187724e+02
2.080000000000000000e+02 2.820000000000000000e+02
1.920000000000000000e+02 2.490000000000000000e+02
1.890000000000000000e+02 2.440000000000000000e+02
1.839737003024152955e+02 2.399211009072458580e+02
1.837408769156300821e+02 2.392226307468902746e+02
1.835080535288448971e+02 2.385241605865347196e+02
1.832752301420597121e+02 2.378256904261791362e+02
1.830424067552745271e+02 2.371272202658235528e+02
1.450000000000000000e+02 2.180000000000000000e+02
1.410000000000000000e+02 2.170000000000000000e+02
1.370000000000000000e+02 2.150000000000000000e+02
1.340807043286867213e+02 2.130807043286867213e+02
1.310000000000000000e+02 2.110000000000000000e+02
1.250000000000000000e+02 2.080000000000000000e+02
1.230000000000000000e+02 2.060000000000000000e+02
1.180000000000000000e+02 2.020000000000000000e+02
1.140000000000000000e+02 2.000000000000000000e+02
1.140000000000000000e+02 2.000000000000000000e+02
1.140000000000000000e+02 2.000000000000000000e+02
1.140000000000000000e+02 2.000000000000000000e+02
1.150000000000000000e+02 2.000000000000000000e+02
1.190000000000000000e+02 2.000000000000000000e+02
1.209195579048505778e+02 2.000000000000000000e+02
1.210000000000000000e+02 2.000000000000000000e+02
1.210000000000000000e+02 2.000000000000000000e+02
1.210000000000000000e+02 2.000000000000000000e+02
1.210000000000000000e+02 2.000000000000000000e+02
1.210000000000000000e+02 2.000000000000000000e+02
1.210000000000000000e+02 2.000000000000000000e+02
1.210000000000000000e+02 2.000000000000000000e+02
1.210000000000000000e+02 2.000000000000000000e+02
1.260000000000000000e+02 1.990000000000000000e+02
1.260000000000000000e+02 1.990000000000000000e+02
1.260000000000000000e+02 1.990000000000000000e+02
1.260000000000000000e+02 1.990000000000000000e+02
1.290000000000000000e+02 1.990000000000000000e+02
1.310000000000000000e+02 1.990000000000000000e+02
1.610000000000000000e+02 1.990000000000000000e+02
2.040000000000000000e+02 1.940000000000000000e+02
2.340000000000000000e+02 2.050000000000000000e+02
2.950000000000000000e+02 2.260000000000000000e+02
3.060000000000000000e+02 2.340000000000000000e+02
3.140000000000000000e+02 2.370000000000000000e+02
3.010000000000000000e+02 2.600000000000000000e+02
2.980000000000000000e+02 2.660000000000000000e+02
3.190000000000000000e+02 2.900000000000000000e+02
3.440000000000000000e+02 3.120000000000000000e+02
3.650000000000000000e+02 3.370000000000000000e+02
3.680000000000000000e+02 3.500000000000000000e+02
3.750000000000000000e+02 3.670000000000000000e+02
3.770000000000000000e+02 3.780000000000000000e+02
3.760000000000000000e+02 3.900000000000000000e+02
3.740000000000000000e+02 3.990000000000000000e+02
3.700000000000000000e+02 4.070000000000000000e+02
3.700000000000000000e+02 4.078552878442526435e+02
3.690000000000000000e+02 4.100000000000000000e+02
3.690000000000000000e+02 4.100000000000000000e+02
3.690000000000000000e+02 4.100000000000000000e+02
3.690000000000000000e+02 4.100000000000000000e+02
3.690000000000000000e+02 4.100000000000000000e+02
3.690000000000000000e+02 4.110000000000000000e+02
3.720000000000000000e+02 4.150000000000000000e+02
3.720000000000000000e+02 4.160000000000000000e+02
3.720000000000000000e+02 4.160000000000000000e+02
3.720000000000000000e+02 4.160000000000000000e+02
3.720000000000000000e+02 4.160000000000000000e+02
3.720000000000000000e+02 4.160000000000000000e+02
3.720000000000000000e+02 4.160000000000000000e+02
3.720000000000000000e+02 4.160000000000000000e+02
3.720000000000000000e+02 4.160000000000000000e+02
3.740000000000000000e+02 4.160000000000000000e+02
3.910000000000000000e+02 4.160000000000000000e+02
4.360000000000000000e+02 3.740000000000000000e+02
5.900000000000000000e+02 2.690000000000000000e+02
6.710000000000000000e+02 2.010000000000000000e+02
7.280000000000000000e+02 1.520000000000000000e+02
7.457571854502086808e+02 1.304856290995825816e+02
7.560000000000000000e+02 1.200000000000000000e+02
7.729091244239961043e+02 1.040908755760039099e+02
7.860000000000000000e+02 9.300000000000000000e+01
8.225093867852858693e+02 6.266889858956417925e+01
8.369946815123844317e+02 5.325345701695008671e+01
8.560000000000000000e+02 2.800000000000000000e+01
8.580000000000000000e+02 2.600000000000000000e+01
8.600000000000000000e+02 2.300000000000000000e+01
8.670000000000000000e+02 1.600000000000000000e+01
8.700000000000000000e+02 1.200000000000000000e+01
8.700000000000000000e+02 1.200000000000000000e+01
8.700000000000000000e+02 1.200000000000000000e+01
8.700000000000000000e+02 1.200000000000000000e+01
8.700000000000000000e+02 1.200000000000000000e+01
8.700000000000000000e+02 1.200000000000000000e+01
8.750000000000000000e+02 8.000000000000000000e+00
8.758789655583406102e+02 8.000000000000000000e+00
8.760000000000000000e+02 6.000000000000000000e+00
8.760000000000000000e+02 6.000000000000000000e+00
8.760000000000000000e+02 6.000000000000000000e+00
8.760000000000000000e+02 6.000000000000000000e+00
8.760000000000000000e+02 6.000000000000000000e+00
8.760000000000000000e+02 6.000000000000000000e+00
8.760000000000000000e+02 6.000000000000000000e+00
8.760000000000000000e+02 6.000000000000000000e+00
8.760000000000000000e+02 6.000000000000000000e+00
8.760000000000000000e+02 6.000000000000000000e+00
8.760000000000000000e+02 6.000000000000000000e+00
8.760000000000000000e+02 6.000000000000000000e+00
