1.735000000000000000e+03 5.200000000000000000e+01
1.735000000000000000e+03 5.300000000000000000e+01
1.735000000000000000e+03 5.300000000000000000e+01
1.735000000000000000e+03 5.300000000000000000e+01
1.733000000000000000e+03 5.500000000000000000e+01
1.733000000000000000e+03 5.500000000000000000e+01
1.733000000000000000e+03 5.500000000000000000e+01
1.731000000000000000e+03 5.700000000000000000e+01
1.728000000000000000e+03 5.900000000000000000e+01
1.725000000000000000e+03 6.349997616777883991e+01
1.720000000000000000e+03 6.800000000000000000e+01
1.715000429696824995e+03 7.300000000000000000e+01
1.712000000000000000e+03 7.500000000000000000e+01
1.710000000000000000e+03 7.800000000000000000e+01
1.704000000000000000e+03 8.299923554706170137e+01
1.700000000000000000e+03 8.600000000000000000e+01
1.694000000000000000e+03 8.999907109682031603e+01
1.687000000000000000e+03 9.400000000000000000e+01
1.679000000000000000e+03 9.800000000000000000e+01
1.673000000000000000e+03 1.010000000000000000e+02
1.665000000000000000e+03 1.060000000000000000e+02
1.649000000000000000e+03 1.150000000000000000e+02
1.638000143061516383e+03 1.200000000000000000e+02
1.630001048867699410e+03 1.250000000000000000e+02
1.623000000000000000e+03 1.300000000000000000e+02
1.611000000000000000e+03 1.370000000000000000e+02
1.602000000000000000e+03 1.419999046256557165e+02
1.585000247937824724e+03 1.519997520621752187e+02
1.567000000000000000e+03 1.640000000000000000e+02
1.548000762994754268e+03 1.759992370052457602e+02
1.534000119217930433e+03 1.859998807820696243e+02
1.522000000000000000e+03 1.950000000000000000e+02
1.510000309892729319e+03 2.040000000000000000e+02
1.504000000000000000e+03 2.080000000000000000e+02
1.497000000000000000e+03 2.130000000000000000e+02
1.487500059616072576e+03 2.204999403839275089e+02
1.479000214566694467e+03 2.270000000000000000e+02
1.468000000000000000e+03 2.360000000000000000e+02
1.461000285986653807e+03 2.409997140133461073e+02
1.451500441264162191e+03 2.480000000000000000e+02
1.447000000000000000e+03 2.510000000000000000e+02
1.444000000000000000e+03 2.534997854077254544e+02
1.435499952301454869e+03 2.605000476985452451e+02
1.425000000000000000e+03 2.690000000000000000e+02
1.414500978286804866e+03 2.740000000000000000e+02
1.405000000000000000e+03 2.810000000000000000e+02
1.398000000000000000e+03 2.869994276174577976e+02
1.388000309966618943e+03 2.930000000000000000e+02
1.374000000000000000e+03 3.010000000000000000e+02
1.361000000000000000e+03 3.060000000000000000e+02
1.343000000000000000e+03 3.170000000000000000e+02
1.324000429082240544e+03 3.260000000000000000e+02
1.309000000000000000e+03 3.350000000000000000e+02
1.289500405147759693e+03 3.450000000000000000e+02
1.272500262216924739e+03 3.530000000000000000e+02
1.258000000000000000e+03 3.600000000000000000e+02
1.241000000000000000e+03 3.670000000000000000e+02
1.222999952324195419e+03 3.760000476758045806e+02
1.204501061672432115e+03 3.840000000000000000e+02
1.192000000000000000e+03 3.894998569384836173e+02
1.186000000000000000e+03 3.949996424314660430e+02
1.173000000000000000e+03 4.020000000000000000e+02
1.162000000000000000e+03 4.080000000000000000e+02
1.154000000000000000e+03 4.120000000000000000e+02
1.146000000000000000e+03 4.166659626836046755e+02
1.140000000000000000e+03 4.190000000000000000e+02
1.131299095615967872e+03 4.215566596165922988e+02
1.117123977667527242e+03 4.261957891269910874e+02
1.102948859719086613e+03 4.308349186373898192e+02
1.088773741770645984e+03 4.354740481477886078e+02
1.074000715819613561e+03 4.390000000000000000e+02
1.067000000000000000e+03 4.420000000000000000e+02
1.059666873261819546e+03 4.433331267381803968e+02
1.055000000000000000e+03 4.440000000000000000e+02
1.046000000000000000e+03 4.460000000000000000e+02
1.039000000000000000e+03 4.490000000000000000e+02
1.034000000000000000e+03 4.500000000000000000e+02
1.032000000000000000e+03 4.510000000000000000e+02
1.024000000000000000e+03 4.530000000000000000e+02
1.022000000000000000e+03 4.530000000000000000e+02
1.022000000000000000e+03 4.530000000000000000e+02
1.018000000000000000e+03 4.550000000000000000e+02
1.016000000000000000e+03 4.560000000000000000e+02
1.014000000000000000e+03 4.580000000000000000e+02
1.012000000000000000e+03 4.590000000000000000e+02
1.005000000000000000e+03 4.610000000000000000e+02
9.980000000000000000e+02 4.630000000000000000e+02
9.970000000000000000e+02 4.630000000000000000e+02
9.960000000000000000e+02 4.630000000000000000e+02
9.960000000000000000e+02 4.630000000000000000e+02
9.960000000000000000e+02 4.623750068296850486e+02
9.960000000000000000e+02 4.620000000000000000e+02
9.960000000000000000e+02 4.620000000000000000e+02
9.970000000000000000e+02 4.620000000000000000e+02
9.990000000000000000e+02 4.610000000000000000e+02
9.990000000000000000e+02 4.610000000000000000e+02
1.001000142993327358e+03 4.610000000000000000e+02
1.004000000000000000e+03 4.610000000000000000e+02
1.004000000000000000e+03 4.610000000000000000e+02
1.004000000000000000e+03 4.610000000000000000e+02
1.001000000000000000e+03 4.610000000000000000e+02
1.001000000000000000e+03 4.610000000000000000e+02
9.990000000000000000e+02 4.610000000000000000e+02
9.990000000000000000e+02 4.610000000000000000e+02
9.990000000000000000e+02 4.610000000000000000e+02
9.990000000000000000e+02 4.610000000000000000e+02
9.990000000000000000e+02 4.610000000000000000e+02
9.990000000000000000e+02 4.610000000000000000e+02
9.990000000000000000e+02 4.610000000000000000e+02
9.990000000000000000e+02 4.610000000000000000e+02
9.990000000000000000e+02 4.610000000000000000e+02
9.990000000000000000e+02 4.610000000000000000e+02
9.990000000000000000e+02 4.610000000000000000e+02
9.920001668852066814e+02 4.600000000000000000e+02
9.690000000000000000e+02 4.620000000000000000e+02
9.460000000000000000e+02 4.670000000000000000e+02
9.380000000000000000e+02 4.704999046256560291e+02
9.340000000000000000e+02 4.780000000000000000e+02
9.320000000000000000e+02 4.840000000000000000e+02
9.260000000000000000e+02 4.920000000000000000e+02
9.090000000000000000e+02 5.030000000000000000e+02
8.968726545398684493e+02 5.080267700559403465e+02
8.854632714192448475e+02 5.130603214326861234e+02
8.740538882986212457e+02 5.180938728094317867e+02
8.590010045443672198e+02 5.269989954556327802e+02
8.340000000000000000e+02 5.414995829858214620e+02
8.270000000000000000e+02 5.450000000000000000e+02
8.240005481410864832e+02 5.490000000000000000e+02
8.100000954198469572e+02 5.580000000000000000e+02
7.900000000000000000e+02 5.690000000000000000e+02
7.720004768717215029e+02 5.780000000000000000e+02
7.630000000000000000e+02 5.850000000000000000e+02
7.485001311553592132e+02 5.944998688446407868e+02
7.330000000000000000e+02 6.030000000000000000e+02
7.110000000000000000e+02 6.150000000000000000e+02
6.825007149666348596e+02 6.284992850333651404e+02
6.670000000000000000e+02 6.370000000000000000e+02
6.515001906577690534e+02 6.469996186844618933e+02
6.355001072577759942e+02 6.560000000000000000e+02
6.190002622169248525e+02 6.650000000000000000e+02
6.019997616777883422e+02 6.750000000000000000e+02
5.720000000000000000e+02 6.890000000000000000e+02
5.510000000000000000e+02 6.990000000000000000e+02
5.240010496183202804e+02 7.090000000000000000e+02
4.895002622794467584e+02 7.200000000000000000e+02
4.760000000000000000e+02 7.270000000000000000e+02
4.670000000000000000e+02 7.330000000000000000e+02
4.565003697078112737e+02 7.384996302921887263e+02
4.450000635782039922e+02 7.429999364217959510e+02
4.390005495878089619e+02 7.480000000000000000e+02
4.210003577817531095e+02 7.570000000000000000e+02
4.100000000000000000e+02 7.640000000000000000e+02
4.020000000000000000e+02 7.690000000000000000e+02
3.900000000000000000e+02 7.730000000000000000e+02
3.810000000000000000e+02 7.780000000000000000e+02
3.740000000000000000e+02 7.830000000000000000e+02
3.710000000000000000e+02 7.850000000000000000e+02
3.650000000000000000e+02 7.900000000000000000e+02
3.490002863620091489e+02 7.999997136379909080e+02
3.360000000000000000e+02 8.040000000000000000e+02
3.350000000000000000e+02 8.040000000000000000e+02
3.320000000000000000e+02 8.050000000000000000e+02
3.310000000000000000e+02 8.050000000000000000e+02
3.310000000000000000e+02 8.060000000000000000e+02
3.320000000000000000e+02 8.060000000000000000e+02
3.320000000000000000e+02 8.060000000000000000e+02
3.360000000000000000e+02 8.070000000000000000e+02
3.360000000000000000e+02 8.070000000000000000e+02
3.360000000000000000e+02 8.080000000000000000e+02
3.370000000000000000e+02 8.080000000000000000e+02
3.370000000000000000e+02 8.080000000000000000e+02
3.370000000000000000e+02 8.080000000000000000e+02
3.370000000000000000e+02 8.080000000000000000e+02
3.370000000000000000e+02 8.080000000000000000e+02
3.370000000000000000e+02 8.080000000000000000e+02
3.370000000000000000e+02 8.090000000000000000e+02
3.360000000000000000e+02 8.100000000000000000e+02
3.350000000000000000e+02 8.110000000000000000e+02
3.330000000000000000e+02 8.130000000000000000e+02
3.330000000000000000e+02 8.130000000000000000e+02
3.330000000000000000e+02 8.130000000000000000e+02
3.330000000000000000e+02 8.110000000000000000e+02
3.330000000000000000e+02 8.110000000000000000e+02
3.330000000000000000e+02 8.110000000000000000e+02
3.330000000000000000e+02 8.110000000000000000e+02
3.350000000000000000e+02 8.100000000000000000e+02
3.360000000000000000e+02 8.030012635594223411e+02
3.290009777035892284e+02 7.855004888517946711e+02
2.910000000000000000e+02 7.680000000000000000e+02
2.670000000000000000e+02 7.590000000000000000e+02
2.610000000000000000e+02 7.590000000000000000e+02
2.390000000000000000e+02 7.560000000000000000e+02
2.320000000000000000e+02 7.530000000000000000e+02
2.290000000000000000e+02 7.530000000000000000e+02
2.250000000000000000e+02 7.510014772456505625e+02
2.160000000000000000e+02 7.500003575259206627e+02
2.060000000000000000e+02 7.440003337306313824e+02
1.980000000000000000e+02 7.410000000000000000e+02
1.950000000000000000e+02 7.390004053409630842e+02
1.800005008944538361e+02 7.340005008944538076e+02
1.704286241406910847e+02 7.318095413802303710e+02
1.670006909697399351e+02 7.310000000000000000e+02
1.622941447063934959e+02 7.267353042648975361e+02
1.510000000000000000e+02 7.230000000000000000e+02
1.390000000000000000e+02 7.170000000000000000e+02
1.330000000000000000e+02 7.150000000000000000e+02
1.270004292357212421e+02 7.100000000000000000e+02
1.203335346951743219e+02 7.050000000000000000e+02
1.160000000000000000e+02 7.010000000000000000e+02
1.150000000000000000e+02 7.010000000000000000e+02
1.140000000000000000e+02 6.970002386634845379e+02
1.120000000000000000e+02 6.950000000000000000e+02
1.120000000000000000e+02 6.910000000000000000e+02
1.100000000000000000e+02 6.860000000000000000e+02
1.090000000000000000e+02 6.820000000000000000e+02
1.080000000000000000e+02 6.790000000000000000e+02
1.070000000000000000e+02 6.790000000000000000e+02
1.060000000000000000e+02 6.785003096712713386e+02
1.050000000000000000e+02 6.780000000000000000e+02
1.040000000000000000e+02 6.760000000000000000e+02
1.010000000000000000e+02 6.750000000000000000e+02
1.000000000000000000e+02 6.750000000000000000e+02
1.000000000000000000e+02 6.750000000000000000e+02
1.000000000000000000e+02 6.750000000000000000e+02
1.000000000000000000e+02 6.750000000000000000e+02
1.000000000000000000e+02 6.750000000000000000e+02
1.000000000000000000e+02 6.750000000000000000e+02
1.000000000000000000e+02 6.740000000000000000e+02
1.010000000000000000e+02 6.740000000000000000e+02
1.010000000000000000e+02 6.740000000000000000e+02
1.010000000000000000e+02 6.740000000000000000e+02
1.010000000000000000e+02 6.740000000000000000e+02
1.010000000000000000e+02 6.740000000000000000e+02
1.010000000000000000e+02 6.740000000000000000e+02
1.010000000000000000e+02 6.740000000000000000e+02
1.010000000000000000e+02 6.740000000000000000e+02
1.010000000000000000e+02 6.740000000000000000e+02
1.010000000000000000e+02 6.740000000000000000e+02
1.010000000000000000e+02 6.740000000000000000e+02
1.010000000000000000e+02 6.730000000000000000e+02
1.020000000000000000e+02 6.720000000000000000e+02
1.070000000000000000e+02 6.670000000000000000e+02
1.174995114976773465e+02 6.550009770046452786e+02
1.409994278903459985e+02 6.340000000000000000e+02
1.649998569384840721e+02 6.180000000000000000e+02
2.309997615641392485e+02 6.015001192179304326e+02
2.654996064400718865e+02 5.920000000000000000e+02
2.830000000000000000e+02 5.890000000000000000e+02
2.860000000000000000e+02 5.880000000000000000e+02
3.060000000000000000e+02 5.840000000000000000e+02
3.140000000000000000e+02 5.820000000000000000e+02
3.330000000000000000e+02 5.750000000000000000e+02
3.340000000000000000e+02 5.740000000000000000e+02
3.420000000000000000e+02 5.680000000000000000e+02
3.524997377205536964e+02 5.640000000000000000e+02
3.810000000000000000e+02 5.560000000000000000e+02
3.910000000000000000e+02 5.530000000000000000e+02
4.089385789839878953e+02 5.476326776270014989e+02
4.240000000000000000e+02 5.430000000000000000e+02
4.409994756911355012e+02 5.390000000000000000e+02
4.609997615641392485e+02 5.350000000000000000e+02
4.989995699952228847e+02 5.310000000000000000e+02
5.244998688759096694e+02 5.250000000000000000e+02
5.260000000000000000e+02 5.250000000000000000e+02
5.500000000000000000e+02 5.220000000000000000e+02
5.800000000000000000e+02 5.180000000000000000e+02
6.039993325387373488e+02 5.150000000000000000e+02
6.310000000000000000e+02 5.130000000000000000e+02
6.320000000000000000e+02 5.123336035606420182e+02
6.434998569725869402e+02 5.100000000000000000e+02
6.694995232419547619e+02 5.060000000000000000e+02
6.854994877903517363e+02 5.060000000000000000e+02
6.950000000000000000e+02 5.050000000000000000e+02
6.950000000000000000e+02 5.050000000000000000e+02
7.010000000000000000e+02 5.050000000000000000e+02
7.020000000000000000e+02 5.050000000000000000e+02
7.040000000000000000e+02 5.064999046256560291e+02
7.100000000000000000e+02 5.080000000000000000e+02
7.140000000000000000e+02 5.090000000000000000e+02
7.170000000000000000e+02 5.120000000000000000e+02
7.210000000000000000e+02 5.150000000000000000e+02
7.419997854077256534e+02 5.210000000000000000e+02
7.470000000000000000e+02 5.230000000000000000e+02
7.490000000000000000e+02 5.230000000000000000e+02
7.501999942779486901e+02 5.230000000000000000e+02
7.530000000000000000e+02 5.230000000000000000e+02
7.530000000000000000e+02 5.230000000000000000e+02
7.530000000000000000e+02 5.230000000000000000e+02
7.530000000000000000e+02 5.230000000000000000e+02
7.550000000000000000e+02 5.230000000000000000e+02
7.550000000000000000e+02 5.230000000000000000e+02
7.610000000000000000e+02 5.220000000000000000e+02
7.680000000000000000e+02 5.220000000000000000e+02
7.680000000000000000e+02 5.220000000000000000e+02
7.680000000000000000e+02 5.220000000000000000e+02
7.680000000000000000e+02 5.220000000000000000e+02
7.680000000000000000e+02 5.220000000000000000e+02
7.680000000000000000e+02 5.220000000000000000e+02
7.680000000000000000e+02 5.220000000000000000e+02
7.680000000000000000e+02 5.220000000000000000e+02
7.680000000000000000e+02 5.220000000000000000e+02
7.680000000000000000e+02 5.220000000000000000e+02
7.680000000000000000e+02 5.220000000000000000e+02
7.680000000000000000e+02 5.220000000000000000e+02
7.680000000000000000e+02 5.220000000000000000e+02
7.680000000000000000e+02 5.220000000000000000e+02
7.680000000000000000e+02 5.220000000000000000e+02
7.580000000000000000e+02 5.300000000000000000e+02
7.380000476871720139e+02 5.499999523128279861e+02
7.260000000000000000e+02 5.630000000000000000e+02
7.165003575685340138e+02 5.710000000000000000e+02
7.080000000000000000e+02 5.760000000000000000e+02
7.028889249951431566e+02 5.791110750048568434e+02
6.860000000000000000e+02 5.920000000000000000e+02
6.750000000000000000e+02 6.000000000000000000e+02
6.640000000000000000e+02 6.071998188664855434e+02
6.535003932785123197e+02 6.144996067214876803e+02
6.320012416427861126e+02 6.280000000000000000e+02
6.195002861230327653e+02 6.374997138769672347e+02
6.110000000000000000e+02 6.450000000000000000e+02
5.975001192179304326e+02 6.554998807820695674e+02
5.850000000000000000e+02 6.660000000000000000e+02
5.700000000000000000e+02 6.770000000000000000e+02
5.530002860207354161e+02 6.859994279585291679e+02
5.340004052926458371e+02 6.970000000000000000e+02
5.160000000000000000e+02 7.060000000000000000e+02
5.040005719733075580e+02 7.129994280266924989e+02
4.930000000000000000e+02 7.189987601335269574e+02
4.820000000000000000e+02 7.230000000000000000e+02
4.705006193425444394e+02 7.280000000000000000e+02
4.650000000000000000e+02 7.309994043364307572e+02
4.550000953402451387e+02 7.360000000000000000e+02
4.470000000000000000e+02 7.390000000000000000e+02
4.380007469802917512e+02 7.439992530197082488e+02
4.320000000000000000e+02 7.460000000000000000e+02
4.190000000000000000e+02 7.500000000000000000e+02
4.090000000000000000e+02 7.540000000000000000e+02
4.050000000000000000e+02 7.560000000000000000e+02
4.010000000000000000e+02 7.580000000000000000e+02
4.010000000000000000e+02 7.580000000000000000e+02
3.980000000000000000e+02 7.610000000000000000e+02
3.980000000000000000e+02 7.610000000000000000e+02
3.960000000000000000e+02 7.630000000000000000e+02
3.940000000000000000e+02 7.630000000000000000e+02
3.910000000000000000e+02 7.650000000000000000e+02
3.880000000000000000e+02 7.660000000000000000e+02
3.880000000000000000e+02 7.660000000000000000e+02
3.880000000000000000e+02 7.660000000000000000e+02
3.880000000000000000e+02 7.660000000000000000e+02
3.880000000000000000e+02 7.660000000000000000e+02
3.880000000000000000e+02 7.660000000000000000e+02
3.880000000000000000e+02 7.660000000000000000e+02
3.880000000000000000e+02 7.660000000000000000e+02
3.890000000000000000e+02 7.680000000000000000e+02
3.890000000000000000e+02 7.690000000000000000e+02
3.900000000000000000e+02 7.690000000000000000e+02
3.900000000000000000e+02 7.690000000000000000e+02
3.900000000000000000e+02 7.690000000000000000e+02
3.900000000000000000e+02 7.690000000000000000e+02
3.900000000000000000e+02 7.690000000000000000e+02
3.900000000000000000e+02 7.690000000000000000e+02
3.900000000000000000e+02 7.690000000000000000e+02
3.900000000000000000e+02 7.690000000000000000e+02
3.900000000000000000e+02 7.690000000000000000e+02
3.865002622794471563e+02 7.635002622794471563e+02
3.365002979382671811e+02 7.310000000000000000e+02
3.216417732386958619e+02 7.179253197160875288e+02
3.200000000000000000e+02 7.130000000000000000e+02
3.200000000000000000e+02 7.070000000000000000e+02
3.180000000000000000e+02 7.005001430274139693e+02
3.180000000000000000e+02 6.960000000000000000e+02
3.180000000000000000e+02 6.890000000000000000e+02
3.180000000000000000e+02 6.850000000000000000e+02
3.180000000000000000e+02 6.830000000000000000e+02
3.180000000000000000e+02 6.765002026463229186e+02
3.180000000000000000e+02 6.700000000000000000e+02
3.180000000000000000e+02 6.640000000000000000e+02
3.180000000000000000e+02 6.570000000000000000e+02
3.180000000000000000e+02 6.480000000000000000e+02
3.160000000000000000e+02 6.410000000000000000e+02
3.140000000000000000e+02 6.330000000000000000e+02
3.120000000000000000e+02 6.210011442193080029e+02
3.100000000000000000e+02 6.060001430956341437e+02
3.100000000000000000e+02 5.950000000000000000e+02
3.100000000000000000e+02 5.920010957598842651e+02
3.100000000000000000e+02 5.860009551098376051e+02
3.080000000000000000e+02 5.850000000000000000e+02
3.070000000000000000e+02 5.820000000000000000e+02
3.060000000000000000e+02 5.810000000000000000e+02
3.060000000000000000e+02 5.790000000000000000e+02
3.050000000000000000e+02 5.770000000000000000e+02
3.050000000000000000e+02 5.770000000000000000e+02
3.050000000000000000e+02 5.770000000000000000e+02
3.050000000000000000e+02 5.770000000000000000e+02
3.040000000000000000e+02 5.780000000000000000e+02
3.040000000000000000e+02 5.790000000000000000e+02
3.040000000000000000e+02 5.780000000000000000e+02
3.040000000000000000e+02 5.780000000000000000e+02
3.040000000000000000e+02 5.780000000000000000e+02
3.040000000000000000e+02 5.780000000000000000e+02
3.059996425166825702e+02 5.780000000000000000e+02
3.120000000000000000e+02 5.770000000000000000e+02
3.230000000000000000e+02 5.660000000000000000e+02
3.280000000000000000e+02 5.600000000000000000e+02
3.350000000000000000e+02 5.510000000000000000e+02
3.409996424314660430e+02 5.410003575685340138e+02
3.460000000000000000e+02 5.340012860204807339e+02
3.510000000000000000e+02 5.270000000000000000e+02
3.540000000000000000e+02 5.200000000000000000e+02
3.560000000000000000e+02 5.170000000000000000e+02
3.590000000000000000e+02 5.130000000000000000e+02
3.600000000000000000e+02 5.100000000000000000e+02
3.620000000000000000e+02 5.040000000000000000e+02
3.649994755036368019e+02 4.940005244963631981e+02
3.700000000000000000e+02 4.840000000000000000e+02
3.730000000000000000e+02 4.770003575259206059e+02
3.770000000000000000e+02 4.660000000000000000e+02
3.780000000000000000e+02 4.610000000000000000e+02
3.800000000000000000e+02 4.550000000000000000e+02
3.840000000000000000e+02 4.445002026946450542e+02
3.870000000000000000e+02 4.365002384358607515e+02
3.940000000000000000e+02 4.170000000000000000e+02
3.980000000000000000e+02 4.040000000000000000e+02
4.010000000000000000e+02 4.000000000000000000e+02
4.010000000000000000e+02 3.910000000000000000e+02
4.020000000000000000e+02 3.800000000000000000e+02
4.020000000000000000e+02 3.760004288777691386e+02
4.035588081847889157e+02 3.687647672608443941e+02
4.040000000000000000e+02 3.620000000000000000e+02
4.064999165573980235e+02 3.555000834426019765e+02
4.100000000000000000e+02 3.440000000000000000e+02
4.120000000000000000e+02 3.365000953288842993e+02
4.170000000000000000e+02 3.250000000000000000e+02
4.210000000000000000e+02 3.146668838391856866e+02
4.230000000000000000e+02 3.105002026946450542e+02
4.279998807962808201e+02 3.020000000000000000e+02
4.300000000000000000e+02 2.940000000000000000e+02
4.310000000000000000e+02 2.785001906123414415e+02
4.340000000000000000e+02 2.610000000000000000e+02
4.350000000000000000e+02 2.510003813609805832e+02
4.370000000000000000e+02 2.430000000000000000e+02
4.370000000000000000e+02 2.345002741685537160e+02
4.370000000000000000e+02 2.290000000000000000e+02
4.390000000000000000e+02 2.220000000000000000e+02
4.430000000000000000e+02 2.110000000000000000e+02
4.504987486592777941e+02 1.960000000000000000e+02
4.530000000000000000e+02 1.809997140814860757e+02
4.600000000000000000e+02 1.560000000000000000e+02
4.620000000000000000e+02 1.360007624493675280e+02
4.640000000000000000e+02 1.180002622794454084e+02
4.640000000000000000e+02 1.130000000000000000e+02
4.640000000000000000e+02 1.070000000000000000e+02
4.640000000000000000e+02 9.600000000000000000e+01
4.630000000000000000e+02 8.250046467294066588e+01
4.630000000000000000e+02 7.150020264632114220e+01
4.630000000000000000e+02 6.200000000000000000e+01
4.620000000000000000e+02 5.500000000000000000e+01
4.630000000000000000e+02 4.400000000000000000e+01
4.670000000000000000e+02 3.299995232419475855e+01
4.670000000000000000e+02 3.000000000000000000e+01
4.670000000000000000e+02 2.600000000000000000e+01
4.670000000000000000e+02 2.500000000000000000e+01
4.670000000000000000e+02 2.500000000000000000e+01
4.680000000000000000e+02 2.400000000000000000e+01
4.680000000000000000e+02 2.400000000000000000e+01
4.680000000000000000e+02 2.400000000000000000e+01
4.680000000000000000e+02 2.400000000000000000e+01
4.680000000000000000e+02 2.400000000000000000e+01
4.680000000000000000e+02 2.400000000000000000e+01
4.680000000000000000e+02 2.400000000000000000e+01
4.680000000000000000e+02 2.400000000000000000e+01
4.680000000000000000e+02 2.400000000000000000e+01
4.680000000000000000e+02 2.400000000000000000e+01
4.680000000000000000e+02 2.400000000000000000e+01
4.680000000000000000e+02 2.400000000000000000e+01
4.680000000000000000e+02 2.400000000000000000e+01
4.680000000000000000e+02 2.400000000000000000e+01
4.680000000000000000e+02 2.400000000000000000e+01
4.680000000000000000e+02 2.300000000000000000e+01
4.680000000000000000e+02 2.200009536676373401e+01
4.690000000000000000e+02 2.100000000000000000e+01
4.690000000000000000e+02 2.100000000000000000e+01
4.690000000000000000e+02 2.100000000000000000e+01
4.690000000000000000e+02 2.100000000000000000e+01
4.690000000000000000e+02 2.100000000000000000e+01
4.690000000000000000e+02 2.100000000000000000e+01
4.690000000000000000e+02 2.100000000000000000e+01
4.690000000000000000e+02 2.100000000000000000e+01
4.690000000000000000e+02 2.100000000000000000e+01
4.690000000000000000e+02 2.100000000000000000e+01
4.690000000000000000e+02 2.100000000000000000e+01
4.690000000000000000e+02 2.100000000000000000e+01
4.680000000000000000e+02 2.100000000000000000e+01
4.420004052926440750e+02 3.199959470735593570e+01
3.899996187753100116e+02 4.200000000000000000e+01
3.560000000000000000e+02 4.600000000000000000e+01
3.540000000000000000e+02 4.700000000000000000e+01
3.480000000000000000e+02 5.200000000000000000e+01
3.420000000000000000e+02 5.500000000000000000e+01
3.270002861230300368e+02 6.100000000000000000e+01
3.205009553379508134e+02 6.300000000000000000e+01
3.085002741032054701e+02 6.800000000000000000e+01
3.029787256103499544e+02 7.000000000000000000e+01
3.027659602055061328e+02 7.000000000000000000e+01
3.025531948006622542e+02 7.000000000000000000e+01
3.023404293958184326e+02 7.000000000000000000e+01
3.021276639909746109e+02 7.000000000000000000e+01
2.931692580172709199e+02 7.181809393762068794e+01
2.710911713251517767e+02 7.636358237423345940e+01
2.610000000000000000e+02 7.700000000000000000e+01
2.530000000000000000e+02 7.800000000000000000e+01
2.510000000000000000e+02 7.800000000000000000e+01
2.450000000000000000e+02 7.800000000000000000e+01
2.450000000000000000e+02 7.800000000000000000e+01
2.440000000000000000e+02 7.900000000000000000e+01
2.420000000000000000e+02 7.900000000000000000e+01
2.380000000000000000e+02 8.000000000000000000e+01
2.360000000000000000e+02 8.100000000000000000e+01
2.290000000000000000e+02 8.500000000000000000e+01
2.240000000000000000e+02 8.700000000000000000e+01
2.190000000000000000e+02 8.800000000000000000e+01
2.140000000000000000e+02 8.900000000000000000e+01
2.110000000000000000e+02 9.000000000000000000e+01
2.100000000000000000e+02 9.000000000000000000e+01
2.100000000000000000e+02 9.000000000000000000e+01
2.100000000000000000e+02 9.000000000000000000e+01
2.080000000000000000e+02 9.200000000000000000e+01
2.060000000000000000e+02 9.300000000000000000e+01
2.060000000000000000e+02 9.300000000000000000e+01
2.060000000000000000e+02 9.300000000000000000e+01
2.060000000000000000e+02 9.300000000000000000e+01
2.050000000000000000e+02 9.300000000000000000e+01
2.040000000000000000e+02 9.300000000000000000e+01
2.040000000000000000e+02 9.300000000000000000e+01
2.040000000000000000e+02 9.300000000000000000e+01
2.040000000000000000e+02 9.300000000000000000e+01
2.040000000000000000e+02 9.300000000000000000e+01
2.030000000000000000e+02 9.300000000000000000e+01
2.020000000000000000e+02 9.400000000000000000e+01
2.020000000000000000e+02 9.400000000000000000e+01
2.010000000000000000e+02 9.400000000000000000e+01
2.010000000000000000e+02 9.500000000000000000e+01
2.010000000000000000e+02 9.500000000000000000e+01
2.010000000000000000e+02 9.500000000000000000e+01
2.010000000000000000e+02 9.500000000000000000e+01
2.010000000000000000e+02 9.500000000000000000e+01
2.010000000000000000e+02 9.500000000000000000e+01
2.010000000000000000e+02 9.500000000000000000e+01
2.010000000000000000e+02 9.500000000000000000e+01
2.010000000000000000e+02 9.500000000000000000e+01
2.010000000000000000e+02 9.500000000000000000e+01
2.010000000000000000e+02 9.500000000000000000e+01
2.010000000000000000e+02 9.500000000000000000e+01
2.010000000000000000e+02 9.500000000000000000e+01
2.010000000000000000e+02 9.700000000000000000e+01
2.056833512096293646e+02 1.100000000000000000e+02
2.140000000000000000e+02 1.250000000000000000e+02
2.171260008112145385e+02 1.283780024336436441e+02
2.173334691293293588e+02 1.290004073879881048e+02
2.175409374474441790e+02 1.296228123423325655e+02
2.177484057655589993e+02 1.302452172966769979e+02
2.179558740836738195e+02 1.308676222510214586e+02
2.350000000000000000e+02 1.700000000000000000e+02
2.380000000000000000e+02 1.780000000000000000e+02
2.410000000000000000e+02 1.830000000000000000e+02
2.420000000000000000e+02 1.850000000000000000e+02
2.430000000000000000e+02 1.870000000000000000e+02
2.450000000000000000e+02 1.920000000000000000e+02
2.470000000000000000e+02 1.970000000000000000e+02
2.510000000000000000e+02 2.020000000000000000e+02
2.540000000000000000e+02 2.050000000000000000e+02
2.550000000000000000e+02 2.090000000000000000e+02
2.580000000000000000e+02 2.120000000000000000e+02
2.611218613515451921e+02 2.180000000000000000e+02
2.676832141154043825e+02 2.250000000000000000e+02
2.710000000000000000e+02 2.340000000000000000e+02
2.750000000000000000e+02 2.411829041487843313e+02
2.760000000000000000e+02 2.490897720491709038e+02
2.790000000000000000e+02 2.610000000000000000e+02
2.824553164456453374e+02 2.690000000000000000e+02
2.861825226514067708e+02 2.851825226514067708e+02
2.910000000000000000e+02 2.950000000000000000e+02
2.946831664282315160e+02 3.020000000000000000e+02
3.000000000000000000e+02 3.120000000000000000e+02
3.045859742506407883e+02 3.213789613759611825e+02
3.120000000000000000e+02 3.350000000000000000e+02
3.170000000000000000e+02 3.420000000000000000e+02
3.200000000000000000e+02 3.480000000000000000e+02
3.260000000000000000e+02 3.571832439518542515e+02
3.346790001207597811e+02 3.680000000000000000e+02
3.410000000000000000e+02 3.757887122416533998e+02
3.437886441351890880e+02 3.817886441351890880e+02
3.480000000000000000e+02 3.870000000000000000e+02
3.500000000000000000e+02 3.910000000000000000e+02
3.570000000000000000e+02 4.000000000000000000e+02
3.690000000000000000e+02 4.160000000000000000e+02
3.831832181168060742e+02 4.310000000000000000e+02
3.950000000000000000e+02 4.420000000000000000e+02
4.000000000000000000e+02 4.446833094897482965e+02
4.040000000000000000e+02 4.490000000000000000e+02
4.080000000000000000e+02 4.520000000000000000e+02
4.120000000000000000e+02 4.570000000000000000e+02
4.150000000000000000e+02 4.610000000000000000e+02
4.170000000000000000e+02 4.650000000000000000e+02
4.190000000000000000e+02 4.660000000000000000e+02
4.190000000000000000e+02 4.670000000000000000e+02
4.230000000000000000e+02 4.720000000000000000e+02
4.240000000000000000e+02 4.730000000000000000e+02
4.260000000000000000e+02 4.760000000000000000e+02
4.270000000000000000e+02 4.770000000000000000e+02
4.280000000000000000e+02 4.780000000000000000e+02
4.290000000000000000e+02 4.810000000000000000e+02
4.308628702537340587e+02 4.819314351268670293e+02
4.330000000000000000e+02 4.820000000000000000e+02
4.360000000000000000e+02 4.840000000000000000e+02
4.360000000000000000e+02 4.840000000000000000e+02
4.360000000000000000e+02 4.840000000000000000e+02
4.360000000000000000e+02 4.840000000000000000e+02
4.360000000000000000e+02 4.840000000000000000e+02
4.360000000000000000e+02 4.840000000000000000e+02
4.350000000000000000e+02 4.850000000000000000e+02
4.330000000000000000e+02 4.860000000000000000e+02
4.320000000000000000e+02 4.860000000000000000e+02
4.320000000000000000e+02 4.860000000000000000e+02
4.320000000000000000e+02 4.860000000000000000e+02
4.320000000000000000e+02 4.860000000000000000e+02
4.320000000000000000e+02 4.860000000000000000e+02
4.320000000000000000e+02 4.860000000000000000e+02
4.320000000000000000e+02 4.860000000000000000e+02
4.320000000000000000e+02 4.860000000000000000e+02
4.320000000000000000e+02 4.860000000000000000e+02
4.320000000000000000e+02 4.860000000000000000e+02
4.320000000000000000e+02 4.860000000000000000e+02
4.320000000000000000e+02 4.860000000000000000e+02
4.320000000000000000e+02 4.860000000000000000e+02
4.310000000000000000e+02 4.880000000000000000e+02
4.250000000000000000e+02 4.916835379663849039e+02
4.163167143538381083e+02 4.980000000000000000e+02
3.966336950041709883e+02 5.123663049958289548e+02
3.884071630321146245e+02 5.164371347871541502e+02
3.790000000000000000e+02 5.230000000000000000e+02
3.770000000000000000e+02 5.240000000000000000e+02
3.700000000000000000e+02 5.273664839094174113e+02
3.580000000000000000e+02 5.350000000000000000e+02
3.408168295589973695e+02 5.421831704410026305e+02
3.240000000000000000e+02 5.500000000000000000e+02
3.110000000000000000e+02 5.576832181168078932e+02
3.008779860228711982e+02 5.631220139771288586e+02
2.929038562238517898e+02 5.673653812587160701e+02
2.830000000000000000e+02 5.740000000000000000e+02
2.746345832338189439e+02 5.770000000000000000e+02
2.620000000000000000e+02 5.836831425846468164e+02
2.528168772348026323e+02 5.890000000000000000e+02
2.418166368728406610e+02 5.940000000000000000e+02
2.340000000000000000e+02 6.000000000000000000e+02
2.280000000000000000e+02 6.040000000000000000e+02
2.180000000000000000e+02 6.080000000000000000e+02
2.120000000000000000e+02 6.100000000000000000e+02
2.038175467874604863e+02 6.140000000000000000e+02
1.863172306958994398e+02 6.170000000000000000e+02
1.708168275533309384e+02 6.210000000000000000e+02
1.470000000000000000e+02 6.240000000000000000e+02
1.400000000000000000e+02 6.250000000000000000e+02
1.283165652951706477e+02 6.290000000000000000e+02
1.210000000000000000e+02 6.300000000000000000e+02
1.180000000000000000e+02 6.320000000000000000e+02
1.150000000000000000e+02 6.330000000000000000e+02
1.150000000000000000e+02 6.330000000000000000e+02
1.150000000000000000e+02 6.330000000000000000e+02
1.150000000000000000e+02 6.330000000000000000e+02
1.099978137297769933e+02 6.359558373414954531e+02
8.600000000000000000e+01 6.490000000000000000e+02
8.100000000000000000e+01 6.530000000000000000e+02
7.965836413497113710e+01 6.540000000000000000e+02
7.900000000000000000e+01 6.540000000000000000e+02
7.700000000000000000e+01 6.540000000000000000e+02
7.700000000000000000e+01 6.540000000000000000e+02
7.700000000000000000e+01 6.540000000000000000e+02
7.700000000000000000e+01 6.540000000000000000e+02
7.700000000000000000e+01 6.540000000000000000e+02
7.700000000000000000e+01 6.540000000000000000e+02
7.700000000000000000e+01 6.540000000000000000e+02
7.700000000000000000e+01 6.540000000000000000e+02
7.700000000000000000e+01 6.540000000000000000e+02
7.700000000000000000e+01 6.540000000000000000e+02
7.800000000000000000e+01 6.540000000000000000e+02
7.800000000000000000e+01 6.540000000000000000e+02
7.800000000000000000e+01 6.540000000000000000e+02
7.800000000000000000e+01 6.540000000000000000e+02
8.000000000000000000e+01 6.530000000000000000e+02
8.568229972622306434e+01 6.460000000000000000e+02
9.200000000000000000e+01 6.323167759627974647e+02
9.400000000000000000e+01 6.220000000000000000e+02
9.500000000000000000e+01 6.160000000000000000e+02
9.700000000000000000e+01 6.020000000000000000e+02
1.000000000000000000e+02 5.918170339487789988e+02
1.016832936129668639e+02 5.820000000000000000e+02
1.050000000000000000e+02 5.696336907314733935e+02
1.090000000000000000e+02 5.568170045313624996e+02
1.110000000000000000e+02 5.430000000000000000e+02
1.130000000000000000e+02 5.330000000000000000e+02
1.170000000000000000e+02 5.158165653676536522e+02
1.180000000000000000e+02 5.013168713485148373e+02
1.190000000000000000e+02 4.910000000000000000e+02
1.210000000000000000e+02 4.823167103694860884e+02
1.230000000000000000e+02 4.743167620410109748e+02
1.280000000000000000e+02 4.630000000000000000e+02
1.390000000000000000e+02 4.410000000000000000e+02
1.476832280367140413e+02 4.233167719632859871e+02
1.516830453949734192e+02 4.170000000000000000e+02
1.550000000000000000e+02 4.100000000000000000e+02
1.600000000000000000e+02 3.983168515205703102e+02
1.640000000000000000e+02 3.863167143538381083e+02
1.690000000000000000e+02 3.730000000000000000e+02
1.743667302192592672e+02 3.603166348903703806e+02
1.810000000000000000e+02 3.423168375864536301e+02
1.850000000000000000e+02 3.320000000000000000e+02
1.880000000000000000e+02 3.168163688348813594e+02
1.950000000000000000e+02 2.928168097281838413e+02
2.021826066237803161e+02 2.630000000000000000e+02
2.080000000000000000e+02 2.500000000000000000e+02
2.098147284440267697e+02 2.453705431119464606e+02
2.170000000000000000e+02 2.250000000000000000e+02
2.200000000000000000e+02 2.162164176732363217e+02
2.220000000000000000e+02 2.090000000000000000e+02
2.250000000000000000e+02 2.000000000000000000e+02
2.276753516090605274e+02 1.880000000000000000e+02
2.320000000000000000e+02 1.766626540453648886e+02
2.340000000000000000e+02 1.660000000000000000e+02
2.350000000000000000e+02 1.588242966142093451e+02
2.353507978090021311e+02 1.456492021909978689e+02
2.370000000000000000e+02 1.340000000000000000e+02
2.390000000000000000e+02 1.250000000000000000e+02
2.410000000000000000e+02 1.190000000000000000e+02
2.410000000000000000e+02 1.130000000000000000e+02
2.420000000000000000e+02 1.080000000000000000e+02
2.420000000000000000e+02 1.040000000000000000e+02
2.430000000000000000e+02 1.020000000000000000e+02
2.430000000000000000e+02 1.020000000000000000e+02
2.430000000000000000e+02 1.020000000000000000e+02
2.430000000000000000e+02 1.020000000000000000e+02
2.420000000000000000e+02 1.020000000000000000e+02
2.410000000000000000e+02 1.020000000000000000e+02
2.410000000000000000e+02 1.020000000000000000e+02
2.410000000000000000e+02 1.020000000000000000e+02
2.410000000000000000e+02 1.020000000000000000e+02
2.410000000000000000e+02 1.020000000000000000e+02
2.410000000000000000e+02 1.020000000000000000e+02
2.410000000000000000e+02 1.020000000000000000e+02
2.380000000000000000e+02 1.020000000000000000e+02
2.380000000000000000e+02 1.020000000000000000e+02
2.380000000000000000e+02 1.020000000000000000e+02
2.380000000000000000e+02 1.020000000000000000e+02
2.380000000000000000e+02 1.020000000000000000e+02
2.380000000000000000e+02 1.020000000000000000e+02
2.380000000000000000e+02 1.020000000000000000e+02
2.380000000000000000e+02 1.020000000000000000e+02
2.380000000000000000e+02 1.020000000000000000e+02
2.380000000000000000e+02 1.020000000000000000e+02
2.380000000000000000e+02 1.020000000000000000e+02
2.380000000000000000e+02 1.020000000000000000e+02
2.380000000000000000e+02 1.020000000000000000e+02
2.416755333094989737e+02 1.086755333094989879e+02
2.460000000000000000e+02 1.211750268336307670e+02
2.530000000000000000e+02 1.360000000000000000e+02
2.580000000000000000e+02 1.430000000000000000e+02
2.600000000000000000e+02 1.470000000000000000e+02
2.600000000000000000e+02 1.480000000000000000e+02
2.600000000000000000e+02 1.480000000000000000e+02
2.600000000000000000e+02 1.480000000000000000e+02
2.900000000000000000e+02 1.810000000000000000e+02
2.950000000000000000e+02 1.920000000000000000e+02
2.980000000000000000e+02 1.960000000000000000e+02
3.010000000000000000e+02 2.046559818333959413e+02
3.030000000000000000e+02 2.110000000000000000e+02
3.090000000000000000e+02 2.170000000000000000e+02
3.170000000000000000e+02 2.260000000000000000e+02
3.326593761035910575e+02 2.390000000000000000e+02
3.380000000000000000e+02 2.490000000000000000e+02
3.430000000000000000e+02 2.570000000000000000e+02
3.493189043775984146e+02 2.650000000000000000e+02
3.590000000000000000e+02 2.780000000000000000e+02
3.670000000000000000e+02 2.903169441723814543e+02
3.740000000000000000e+02 3.070000000000000000e+02
3.780000000000000000e+02 3.200000000000000000e+02
3.820000000000000000e+02 3.290000000000000000e+02
3.860000000000000000e+02 3.380000000000000000e+02
3.910000000000000000e+02 3.480000000000000000e+02
3.950000000000000000e+02 3.561568996740340367e+02
3.990000000000000000e+02 3.640000000000000000e+02
4.040000000000000000e+02 3.710000000000000000e+02
4.170000000000000000e+02 3.810000000000000000e+02
4.391520324234123223e+02 3.970000000000000000e+02
4.580000000000000000e+02 4.100000000000000000e+02
4.600000000000000000e+02 4.141543617664866019e+02
4.690000000000000000e+02 4.236626084860173478e+02
4.740000000000000000e+02 4.310000000000000000e+02
4.780000000000000000e+02 4.400000000000000000e+02
4.868841987716397739e+02 4.504420993858198585e+02
4.940000000000000000e+02 4.580000000000000000e+02
4.970000000000000000e+02 4.610000000000000000e+02
4.990000000000000000e+02 4.640000000000000000e+02
5.000000000000000000e+02 4.660000000000000000e+02
5.010000000000000000e+02 4.670000000000000000e+02
5.010000000000000000e+02 4.680000000000000000e+02
5.010000000000000000e+02 4.680000000000000000e+02
5.010000000000000000e+02 4.700000000000000000e+02
5.000000000000000000e+02 4.730000000000000000e+02
5.000000000000000000e+02 4.730000000000000000e+02
5.000000000000000000e+02 4.730000000000000000e+02
5.000000000000000000e+02 4.730000000000000000e+02
5.000000000000000000e+02 4.730000000000000000e+02
5.000000000000000000e+02 4.730000000000000000e+02
5.000000000000000000e+02 4.730000000000000000e+02
4.980000000000000000e+02 4.730000000000000000e+02
4.980000000000000000e+02 4.730000000000000000e+02
4.980000000000000000e+02 4.730000000000000000e+02
4.980000000000000000e+02 4.730000000000000000e+02
4.980000000000000000e+02 4.730000000000000000e+02
4.980000000000000000e+02 4.730000000000000000e+02
4.980000000000000000e+02 4.730000000000000000e+02
4.980000000000000000e+02 4.730000000000000000e+02
4.980000000000000000e+02 4.730000000000000000e+02
4.980000000000000000e+02 4.720000000000000000e+02
4.980000000000000000e+02 4.720000000000000000e+02
4.980000000000000000e+02 4.720000000000000000e+02
4.990000000000000000e+02 4.690000000000000000e+02
4.990000000000000000e+02 4.690000000000000000e+02
4.990000000000000000e+02 4.690000000000000000e+02
4.990000000000000000e+02 4.690000000000000000e+02
4.990000000000000000e+02 4.690000000000000000e+02
4.990000000000000000e+02 4.690000000000000000e+02
4.990000000000000000e+02 4.690000000000000000e+02
4.990000000000000000e+02 4.690000000000000000e+02
4.990000000000000000e+02 4.660000000000000000e+02
4.990000000000000000e+02 4.520000000000000000e+02
4.990000000000000000e+02 4.510000000000000000e+02
4.950000000000000000e+02 4.480000000000000000e+02
4.910000000000000000e+02 4.370000000000000000e+02
4.880000000000000000e+02 4.246952853598005504e+02
4.820000000000000000e+02 4.041339370829361428e+02
4.780000000000000000e+02 3.855415007656946500e+02
4.760000000000000000e+02 3.660471183250992908e+02
4.736895254721453625e+02 3.436895254721453625e+02
4.720000000000000000e+02 3.240000000000000000e+02
4.690000000000000000e+02 3.070483908856002131e+02
4.670000000000000000e+02 2.940000000000000000e+02
4.670000000000000000e+02 2.790000000000000000e+02
4.680000000000000000e+02 2.630917531924993682e+02
4.690000000000000000e+02 2.525394538606389006e+02
4.700000000000000000e+02 2.430000000000000000e+02
4.700000000000000000e+02 2.340000000000000000e+02
4.700000000000000000e+02 2.250000000000000000e+02
4.700000000000000000e+02 2.180000000000000000e+02
4.690000000000000000e+02 2.080000000000000000e+02
4.690000000000000000e+02 2.005458468176914835e+02
4.680000000000000000e+02 1.940685045132915718e+02
4.664329623151534179e+02 1.875977738909204788e+02
4.640000000000000000e+02 1.770000000000000000e+02
4.610000000000000000e+02 1.740000000000000000e+02
4.590000000000000000e+02 1.700000000000000000e+02
4.560000000000000000e+02 1.680000000000000000e+02
4.530000000000000000e+02 1.660000000000000000e+02
4.510000000000000000e+02 1.620000000000000000e+02
4.480000000000000000e+02 1.610000000000000000e+02
4.470000000000000000e+02 1.600000000000000000e+02
4.450000000000000000e+02 1.600000000000000000e+02
4.440000000000000000e+02 1.600000000000000000e+02
4.430000000000000000e+02 1.590000000000000000e+02
4.415392726844754634e+02 1.580000000000000000e+02
4.400222504767959322e+02 1.560000000000000000e+02
4.389477464121861772e+02 1.550000000000000000e+02
4.375781553984554648e+02 1.550000000000000000e+02
4.360000000000000000e+02 1.550000000000000000e+02
4.360000000000000000e+02 1.550000000000000000e+02
4.360000000000000000e+02 1.540000000000000000e+02
4.360000000000000000e+02 1.530000000000000000e+02
4.360000000000000000e+02 1.510000000000000000e+02
4.360000000000000000e+02 1.480000000000000000e+02
4.360000000000000000e+02 1.480000000000000000e+02
4.360000000000000000e+02 1.480000000000000000e+02
4.360000000000000000e+02 1.480000000000000000e+02
4.360000000000000000e+02 1.480000000000000000e+02
4.350000000000000000e+02 1.480000000000000000e+02
4.340000000000000000e+02 1.480000000000000000e+02
4.340000000000000000e+02 1.480000000000000000e+02
4.340000000000000000e+02 1.480000000000000000e+02
4.340000000000000000e+02 1.480000000000000000e+02
4.340000000000000000e+02 1.480000000000000000e+02
4.330000000000000000e+02 1.480000000000000000e+02
4.330000000000000000e+02 1.480000000000000000e+02
4.330000000000000000e+02 1.480000000000000000e+02
4.330000000000000000e+02 1.480000000000000000e+02
4.330000000000000000e+02 1.480000000000000000e+02
4.330000000000000000e+02 1.480000000000000000e+02
4.340000000000000000e+02 1.510000000000000000e+02
4.410000000000000000e+02 1.600000000000000000e+02
4.529539048527490195e+02 1.739078097054980105e+02
4.670000000000000000e+02 1.854649523809552250e+02
4.789076134874328545e+02 1.994538067437164273e+02
4.950000000000000000e+02 2.169541010968049477e+02
5.089501196744875529e+02 2.280000000000000000e+02
5.189319189511337527e+02 2.410000000000000000e+02
5.353106856280307966e+02 2.580000000000000000e+02
5.540000000000000000e+02 2.709064032373273108e+02
5.630000000000000000e+02 2.844586911818071826e+02
5.730000000000000000e+02 2.989317168748513041e+02
5.840000000000000000e+02 3.120000000000000000e+02
5.924666905102556029e+02 3.240000000000000000e+02
6.070000000000000000e+02 3.380000000000000000e+02
6.399204705882352755e+02 3.564602352941176377e+02
6.610000000000000000e+02 3.650000000000000000e+02
6.615980551796689042e+02 3.657475689745862155e+02
6.760000000000000000e+02 3.790000000000000000e+02
6.929316602316631588e+02 3.929658301158315794e+02
7.030000000000000000e+02 4.024666269368295843e+02
7.150000000000000000e+02 4.160000000000000000e+02
7.309536442800913392e+02 4.319536442800913960e+02
7.480000000000000000e+02 4.490000000000000000e+02
7.619508977735231383e+02 4.649508977735230815e+02
7.748608310794197678e+02 4.820000000000000000e+02
7.800000000000000000e+02 4.910000000000000000e+02
7.880000000000000000e+02 5.000000000000000000e+02
8.024590829131024066e+02 5.140000000000000000e+02
8.289518205308917231e+02 5.340000000000000000e+02
8.340000000000000000e+02 5.400000000000000000e+02
8.360000000000000000e+02 5.420000000000000000e+02
8.380000000000000000e+02 5.460000000000000000e+02
8.464659440142970652e+02 5.550000000000000000e+02
8.520000000000000000e+02 5.649664559227021527e+02
8.550000000000000000e+02 5.690000000000000000e+02
8.689536487758966814e+02 5.819536487758966814e+02
8.750000000000000000e+02 5.880000000000000000e+02
8.780000000000000000e+02 5.900000000000000000e+02
8.800000000000000000e+02 5.940000000000000000e+02
8.850000000000000000e+02 5.984536131647985258e+02
8.930000000000000000e+02 6.040000000000000000e+02
8.940000000000000000e+02 6.040000000000000000e+02
8.940000000000000000e+02 6.040000000000000000e+02
8.940000000000000000e+02 6.040000000000000000e+02
8.940000000000000000e+02 6.010000000000000000e+02
8.930000000000000000e+02 6.000000000000000000e+02
8.930000000000000000e+02 6.000000000000000000e+02
8.930000000000000000e+02 5.990000000000000000e+02
8.920000000000000000e+02 5.990000000000000000e+02
8.910000000000000000e+02 5.990000000000000000e+02
8.910000000000000000e+02 5.990000000000000000e+02
8.890000000000000000e+02 5.990000000000000000e+02
8.890000000000000000e+02 5.990000000000000000e+02
8.890000000000000000e+02 5.990000000000000000e+02
8.890000000000000000e+02 5.990000000000000000e+02
8.890000000000000000e+02 5.990000000000000000e+02
8.890000000000000000e+02 5.990000000000000000e+02
8.860333731485876569e+02 5.970333731485876569e+02
8.720787902654151367e+02 5.890000000000000000e+02
8.590491002264330973e+02 5.820000000000000000e+02
8.380462382258235721e+02 5.750000000000000000e+02
8.210000000000000000e+02 5.690000000000000000e+02
8.056920362347361788e+02 5.640000000000000000e+02
7.820000000000000000e+02 5.540000000000000000e+02
7.640000000000000000e+02 5.410000000000000000e+02
7.510687392900813393e+02 5.320000000000000000e+02
7.380344802952724876e+02 5.230000000000000000e+02
7.230000000000000000e+02 5.160000000000000000e+02
7.130000000000000000e+02 5.090000000000000000e+02
7.010457862523541053e+02 5.050000000000000000e+02
6.890481211836521425e+02 4.990481211836521993e+02
6.770000000000000000e+02 4.930000000000000000e+02
6.605406476558695203e+02 4.850000000000000000e+02
6.520000000000000000e+02 4.810000000000000000e+02
6.390000000000000000e+02 4.746891290527653950e+02
6.290488380407558680e+02 4.700000000000000000e+02
6.140000000000000000e+02 4.640000000000000000e+02
6.040000000000000000e+02 4.590000000000000000e+02
5.960000000000000000e+02 4.530000000000000000e+02
5.860000000000000000e+02 4.470463147995768054e+02
5.790000000000000000e+02 4.420000000000000000e+02
5.720337110819508553e+02 4.370674221639017105e+02
5.650000000000000000e+02 4.340000000000000000e+02
5.610000000000000000e+02 4.310000000000000000e+02
5.570000000000000000e+02 4.300000000000000000e+02
5.540000000000000000e+02 4.280000000000000000e+02
5.490000000000000000e+02 4.250000000000000000e+02
5.478942877572079624e+02 4.240000000000000000e+02
5.400000000000000000e+02 4.200000000000000000e+02
5.380000000000000000e+02 4.190000000000000000e+02
5.380000000000000000e+02 4.190000000000000000e+02
5.380000000000000000e+02 4.190000000000000000e+02
5.380000000000000000e+02 4.190000000000000000e+02
5.380000000000000000e+02 4.190000000000000000e+02
5.380000000000000000e+02 4.190000000000000000e+02
5.380000000000000000e+02 4.190000000000000000e+02
5.380000000000000000e+02 4.190000000000000000e+02
5.380000000000000000e+02 4.190000000000000000e+02
5.390000000000000000e+02 4.190000000000000000e+02
5.390000000000000000e+02 4.190000000000000000e+02
5.420000000000000000e+02 4.168545497856100610e+02
5.500000000000000000e+02 4.092272228843856965e+02
5.580000000000000000e+02 4.060000000000000000e+02
5.650783200095461325e+02 4.010000000000000000e+02
5.792999515033947091e+02 3.930000000000000000e+02
5.976496885650508375e+02 3.783503114349491057e+02
6.120000000000000000e+02 3.653492937853100102e+02
6.221011418989079402e+02 3.518988581010920598e+02
6.330000000000000000e+02 3.380000000000000000e+02
6.480000000000000000e+02 3.200000000000000000e+02
6.540000000000000000e+02 3.100000000000000000e+02
6.620000000000000000e+02 2.998573166368507827e+02
6.730000000000000000e+02 2.850000000000000000e+02
6.846508765737160047e+02 2.740000000000000000e+02
6.932996575342465349e+02 2.660000000000000000e+02
7.030000000000000000e+02 2.570000000000000000e+02
7.100000000000000000e+02 2.490000000000000000e+02
7.180000000000000000e+02 2.390000000000000000e+02
7.260000000000000000e+02 2.300000000000000000e+02
7.360000000000000000e+02 2.210000000000000000e+02
7.440000000000000000e+02 2.130000000000000000e+02
7.520000000000000000e+02 2.040000000000000000e+02
7.610000000000000000e+02 1.940000000000000000e+02
7.690000000000000000e+02 1.840000000000000000e+02
7.720000000000000000e+02 1.790000000000000000e+02
7.780000000000000000e+02 1.710000000000000000e+02
7.832922930315678514e+02 1.660000000000000000e+02
7.870000000000000000e+02 1.610000000000000000e+02
7.926422129684725633e+02 1.560000000000000000e+02
7.950000000000000000e+02 1.520000000000000000e+02
8.026544883411885394e+02 1.463455116588114322e+02
8.100000000000000000e+02 1.390000000000000000e+02
8.200000000000000000e+02 1.290000000000000000e+02
8.270000000000000000e+02 1.220000000000000000e+02
8.300000000000000000e+02 1.180000000000000000e+02
8.360000000000000000e+02 1.120000000000000000e+02
8.360000000000000000e+02 1.110000000000000000e+02
8.380000000000000000e+02 1.090000000000000000e+02
8.390000000000000000e+02 1.060000000000000000e+02
8.410000000000000000e+02 1.060000000000000000e+02
8.430000000000000000e+02 1.040000000000000000e+02
8.440000000000000000e+02 1.030000000000000000e+02
8.440000000000000000e+02 1.020000000000000000e+02
8.440000000000000000e+02 1.020000000000000000e+02
8.440000000000000000e+02 1.020000000000000000e+02
8.440000000000000000e+02 1.020000000000000000e+02
8.440000000000000000e+02 1.020000000000000000e+02
8.440000000000000000e+02 1.020000000000000000e+02
8.440000000000000000e+02 1.020000000000000000e+02
8.440000000000000000e+02 1.020000000000000000e+02
8.440000000000000000e+02 1.020000000000000000e+02
8.440000000000000000e+02 1.020000000000000000e+02
8.440000000000000000e+02 1.020000000000000000e+02
8.396992934526584804e+02 1.050000000000000000e+02
8.290000000000000000e+02 1.120000000000000000e+02
8.140000000000000000e+02 1.180000000000000000e+02
8.010000000000000000e+02 1.220000000000000000e+02
7.836862904187987624e+02 1.271568547906006188e+02
7.710000000000000000e+02 1.300000000000000000e+02
7.513488700564971623e+02 1.360000000000000000e+02
7.310000000000000000e+02 1.390000000000000000e+02
7.157110160427793062e+02 1.440000000000000000e+02
6.963414442325996561e+02 1.510000000000000000e+02
6.720000000000000000e+02 1.590000000000000000e+02
6.578430656934306171e+02 1.640000000000000000e+02
6.568309588406966668e+02 1.660000000000000000e+02
6.566484775182250360e+02 1.660000000000000000e+02
6.564659961957534051e+02 1.660000000000000000e+02
6.562835148732816606e+02 1.660000000000000000e+02
6.561010335508100297e+02 1.660000000000000000e+02
5.960000000000000000e+02 1.890000000000000000e+02
5.880000000000000000e+02 1.920000000000000000e+02
5.820000000000000000e+02 1.940000000000000000e+02
5.772321274211611808e+02 1.950000000000000000e+02
5.710000000000000000e+02 1.970000000000000000e+02
5.660000000000000000e+02 1.970000000000000000e+02
5.580000000000000000e+02 2.000000000000000000e+02
5.470000000000000000e+02 2.030000000000000000e+02
5.420000000000000000e+02 2.050000000000000000e+02
5.400000000000000000e+02 2.050000000000000000e+02
5.400000000000000000e+02 2.050000000000000000e+02
5.380000000000000000e+02 2.050000000000000000e+02
5.360000000000000000e+02 2.060000000000000000e+02
5.310000000000000000e+02 2.080000000000000000e+02
5.240000000000000000e+02 2.100000000000000000e+02
5.220000000000000000e+02 2.110000000000000000e+02
5.210000000000000000e+02 2.110000000000000000e+02
5.210000000000000000e+02 2.110000000000000000e+02
5.210000000000000000e+02 2.110000000000000000e+02
5.210000000000000000e+02 2.110000000000000000e+02
5.210000000000000000e+02 2.110000000000000000e+02
5.200000000000000000e+02 2.110000000000000000e+02
5.200000000000000000e+02 2.110000000000000000e+02
5.190000000000000000e+02 2.110000000000000000e+02
5.170000000000000000e+02 2.110000000000000000e+02
5.170000000000000000e+02 2.110000000000000000e+02
5.170000000000000000e+02 2.110000000000000000e+02
5.170000000000000000e+02 2.110000000000000000e+02
5.170000000000000000e+02 2.110000000000000000e+02
5.170000000000000000e+02 2.110000000000000000e+02
5.170000000000000000e+02 2.110000000000000000e+02
5.170000000000000000e+02 2.110000000000000000e+02
5.170000000000000000e+02 2.110000000000000000e+02
5.170000000000000000e+02 2.110000000000000000e+02
5.170000000000000000e+02 2.110000000000000000e+02
5.170000000000000000e+02 2.110000000000000000e+02
5.170000000000000000e+02 2.110000000000000000e+02
5.170000000000000000e+02 2.110000000000000000e+02
5.010000000000000000e+02 2.090000000000000000e+02
4.838414154652686534e+02 2.110000000000000000e+02
4.620000000000000000e+02 2.130000000000000000e+02
4.510000000000000000e+02 2.130000000000000000e+02
4.234552085816410454e+02 2.160000000000000000e+02
4.048578096511471927e+02 2.190000000000000000e+02
3.873490699317164854e+02 2.240000000000000000e+02
3.590000000000000000e+02 2.280000000000000000e+02
3.290000000000000000e+02 2.350000000000000000e+02
2.976704641601606340e+02 2.430000000000000000e+02
2.693566129994022731e+02 2.516433870005977269e+02
2.498571259048297009e+02 2.600000000000000000e+02
2.368439024390222869e+02 2.660000000000000000e+02
2.195656139788388828e+02 2.704343860211611172e+02
2.060000000000000000e+02 2.750000000000000000e+02
1.885308143628214452e+02 2.770000000000000000e+02
1.460000000000000000e+02 2.780000000000000000e+02
1.380000000000000000e+02 2.790000000000000000e+02
1.280000000000000000e+02 2.800000000000000000e+02
1.248432629965785878e+02 2.820000000000000000e+02
1.080000000000000000e+02 2.830000000000000000e+02
8.936526090064332095e+01 2.830000000000000000e+02
7.271376234090213586e+01 2.820000000000000000e+02
6.600000000000000000e+01 2.820000000000000000e+02
6.600000000000000000e+01 2.820000000000000000e+02
6.290348945216830856e+01 2.800000000000000000e+02
6.100000000000000000e+01 2.800000000000000000e+02
6.100000000000000000e+01 2.800000000000000000e+02
6.100000000000000000e+01 2.800000000000000000e+02
6.084220270590744661e+01 2.800000000000000000e+02
6.000000000000000000e+01 2.800000000000000000e+02
6.000000000000000000e+01 2.800000000000000000e+02
5.800000000000000000e+01 2.800000000000000000e+02
5.700000000000000000e+01 2.800000000000000000e+02
5.700000000000000000e+01 2.800000000000000000e+02
5.400000000000000000e+01 2.800000000000000000e+02
5.400000000000000000e+01 2.800000000000000000e+02
5.200000000000000000e+01 2.820000000000000000e+02
5.100000000000000000e+01 2.820000000000000000e+02
5.100000000000000000e+01 2.820000000000000000e+02
5.100000000000000000e+01 2.820000000000000000e+02
5.100000000000000000e+01 2.820000000000000000e+02
5.100000000000000000e+01 2.820000000000000000e+02
5.100000000000000000e+01 2.820000000000000000e+02
5.000000000000000000e+01 2.830000000000000000e+02
4.900000000000000000e+01 2.830000000000000000e+02
4.900000000000000000e+01 2.830000000000000000e+02
4.600000000000000000e+01 2.830000000000000000e+02
4.600000000000000000e+01 2.830000000000000000e+02
4.600000000000000000e+01 2.830000000000000000e+02
4.600000000000000000e+01 2.830000000000000000e+02
4.600000000000000000e+01 2.830000000000000000e+02
4.600000000000000000e+01 2.830000000000000000e+02
4.600000000000000000e+01 2.830000000000000000e+02
4.600000000000000000e+01 2.830000000000000000e+02
4.600000000000000000e+01 2.830000000000000000e+02
4.600000000000000000e+01 2.830000000000000000e+02
4.600000000000000000e+01 2.830000000000000000e+02
5.000000000000000000e+01 2.820000000000000000e+02
5.400000000000000000e+01 2.790000000000000000e+02
6.000000000000000000e+01 2.740000000000000000e+02
6.300000000000000000e+01 2.687066666666666492e+02
6.500000000000000000e+01 2.658429059225223341e+02
6.700000000000000000e+01 2.590000000000000000e+02
6.777024354955581487e+01 2.542297564504441993e+02
6.800000000000000000e+01 2.490000000000000000e+02
7.000000000000000000e+01 2.390000000000000000e+02
7.100000000000000000e+01 2.330000000000000000e+02
7.100000000000000000e+01 2.250000000000000000e+02
7.100000000000000000e+01 2.190000000000000000e+02
7.100000000000000000e+01 2.170000000000000000e+02
7.100000000000000000e+01 2.120000000000000000e+02
7.100000000000000000e+01 2.110000000000000000e+02
7.000000000000000000e+01 2.100000000000000000e+02
7.000000000000000000e+01 2.100000000000000000e+02
7.000000000000000000e+01 2.100000000000000000e+02
7.000000000000000000e+01 2.100000000000000000e+02
7.000000000000000000e+01 2.100000000000000000e+02
7.000000000000000000e+01 2.100000000000000000e+02
7.000000000000000000e+01 2.100000000000000000e+02
7.000000000000000000e+01 2.100000000000000000e+02
7.000000000000000000e+01 2.100000000000000000e+02
7.000000000000000000e+01 2.100000000000000000e+02
8.300000000000000000e+01 2.060000000000000000e+02
1.031541113105953116e+02 1.986917773788093768e+02
1.186480834603225816e+02 1.930000000000000000e+02
1.402856120257694954e+02 1.847143879742305046e+02
1.762916497915468312e+02 1.800000000000000000e+02
2.030000000000000000e+02 1.760000000000000000e+02
2.297577617041646363e+02 1.720000000000000000e+02
2.470000000000000000e+02 1.680000000000000000e+02
2.516586412395709260e+02 1.663413587604290740e+02
2.560000000000000000e+02 1.640000000000000000e+02
2.610000000000000000e+02 1.640000000000000000e+02
2.610000000000000000e+02 1.640000000000000000e+02
2.690000000000000000e+02 1.630000000000000000e+02
2.730000000000000000e+02 1.630000000000000000e+02
2.810000000000000000e+02 1.630000000000000000e+02
2.810000000000000000e+02 1.630000000000000000e+02
2.820000000000000000e+02 1.640000000000000000e+02
2.890000000000000000e+02 1.640000000000000000e+02
2.920000000000000000e+02 1.660000000000000000e+02
2.970000000000000000e+02 1.670000000000000000e+02
2.980000000000000000e+02 1.670000000000000000e+02
2.990000000000000000e+02 1.670000000000000000e+02
2.990000000000000000e+02 1.670000000000000000e+02
2.990000000000000000e+02 1.670000000000000000e+02
2.990000000000000000e+02 1.670000000000000000e+02
3.030000000000000000e+02 1.680000000000000000e+02
3.030000000000000000e+02 1.680000000000000000e+02
3.050000000000000000e+02 1.690000000000000000e+02
3.050000000000000000e+02 1.690000000000000000e+02
3.050000000000000000e+02 1.690000000000000000e+02
3.050000000000000000e+02 1.690000000000000000e+02
3.050000000000000000e+02 1.690000000000000000e+02
3.050000000000000000e+02 1.690000000000000000e+02
3.050000000000000000e+02 1.690000000000000000e+02
3.050000000000000000e+02 1.690000000000000000e+02
3.050000000000000000e+02 1.690000000000000000e+02
3.050000000000000000e+02 1.690000000000000000e+02
3.050000000000000000e+02 1.690000000000000000e+02
3.050000000000000000e+02 1.690000000000000000e+02
3.050000000000000000e+02 1.690000000000000000e+02
3.050000000000000000e+02 1.690000000000000000e+02
3.050000000000000000e+02 1.690000000000000000e+02
3.050000000000000000e+02 1.760000000000000000e+02
3.050000000000000000e+02 1.840000000000000000e+02
3.050000000000000000e+02 1.950000000000000000e+02
3.030000000000000000e+02 2.063121173020541903e+02
3.030000000000000000e+02 2.100000000000000000e+02
3.030000000000000000e+02 2.140000000000000000e+02
3.030000000000000000e+02 2.170000000000000000e+02
3.020000000000000000e+02 2.240000000000000000e+02
3.010000000000000000e+02 2.300000000000000000e+02
3.000000000000000000e+02 2.410000000000000000e+02
3.000000000000000000e+02 2.449056225731906125e+02
2.990000000000000000e+02 2.650000000000000000e+02
2.980000000000000000e+02 2.791590036944366489e+02
2.960000000000000000e+02 2.910000000000000000e+02
2.940000000000000000e+02 3.046590324118236026e+02
2.940000000000000000e+02 3.170000000000000000e+02
2.940000000000000000e+02 3.270000000000000000e+02
2.940000000000000000e+02 3.400000000000000000e+02
2.940000000000000000e+02 3.501457253572300488e+02
2.940000000000000000e+02 3.580000000000000000e+02
2.940000000000000000e+02 3.680000000000000000e+02
2.960000000000000000e+02 3.730000000000000000e+02
2.960000000000000000e+02 3.760000000000000000e+02
2.960000000000000000e+02 3.860000000000000000e+02
2.940000000000000000e+02 3.980000000000000000e+02
2.940000000000000000e+02 4.060000000000000000e+02
2.920000000000000000e+02 4.150000000000000000e+02
2.920000000000000000e+02 4.256540932142016231e+02
2.920000000000000000e+02 4.344330979133231381e+02
2.920000000000000000e+02 4.430000000000000000e+02
2.920000000000000000e+02 4.526452911060854944e+02
2.920000000000000000e+02 4.663133684714901506e+02
2.910000000000000000e+02 4.840000000000000000e+02
2.881576845358366654e+02 5.058423154641633346e+02
2.850000000000000000e+02 5.272379121315661905e+02
2.830000000000000000e+02 5.390000000000000000e+02
2.830000000000000000e+02 5.490000000000000000e+02
2.830000000000000000e+02 5.532910521436009503e+02
2.860000000000000000e+02 5.650000000000000000e+02
2.860000000000000000e+02 5.680000000000000000e+02
2.888442070665585106e+02 5.728442070665585106e+02
2.900000000000000000e+02 5.760000000000000000e+02
2.910000000000000000e+02 5.800000000000000000e+02
2.930000000000000000e+02 5.840000000000000000e+02
2.940000000000000000e+02 5.880000000000000000e+02
2.940000000000000000e+02 5.900000000000000000e+02
2.940000000000000000e+02 5.968441497476821951e+02
2.940000000000000000e+02 6.000000000000000000e+02
2.940000000000000000e+02 6.040000000000000000e+02
2.940000000000000000e+02 6.070000000000000000e+02
2.940000000000000000e+02 6.090000000000000000e+02
2.940000000000000000e+02 6.120000000000000000e+02
2.930000000000000000e+02 6.130000000000000000e+02
2.930000000000000000e+02 6.150000000000000000e+02
2.920000000000000000e+02 6.150000000000000000e+02
2.910000000000000000e+02 6.180000000000000000e+02
2.890000000000000000e+02 6.230000000000000000e+02
2.890000000000000000e+02 6.230000000000000000e+02
2.890000000000000000e+02 6.230000000000000000e+02
2.890000000000000000e+02 6.230000000000000000e+02
2.890000000000000000e+02 6.230000000000000000e+02
2.900000000000000000e+02 6.230000000000000000e+02
2.910000000000000000e+02 6.230000000000000000e+02
2.920000000000000000e+02 6.230000000000000000e+02
2.928814175632970205e+02 6.230000000000000000e+02
2.970000000000000000e+02 6.230000000000000000e+02
2.970000000000000000e+02 6.230000000000000000e+02
2.970000000000000000e+02 6.230000000000000000e+02
2.970000000000000000e+02 6.230000000000000000e+02
2.970000000000000000e+02 6.230000000000000000e+02
2.940000000000000000e+02 6.230000000000000000e+02
2.940000000000000000e+02 6.230000000000000000e+02
2.940000000000000000e+02 6.230000000000000000e+02
2.930000000000000000e+02 6.230000000000000000e+02
2.910000000000000000e+02 6.230000000000000000e+02
2.910000000000000000e+02 6.230000000000000000e+02
2.910000000000000000e+02 6.230000000000000000e+02
2.910000000000000000e+02 6.230000000000000000e+02
2.910000000000000000e+02 6.230000000000000000e+02
2.910000000000000000e+02 6.230000000000000000e+02
2.910000000000000000e+02 6.230000000000000000e+02
2.910000000000000000e+02 6.230000000000000000e+02
2.947039247943567943e+02 6.146480376028216597e+02
3.060000000000000000e+02 6.010000000000000000e+02
3.127146329837997882e+02 5.930000000000000000e+02
3.178460577489701677e+02 5.870000000000000000e+02
3.240000000000000000e+02 5.810000000000000000e+02
3.290000000000000000e+02 5.750000000000000000e+02
3.403528428487387600e+02 5.686471571512612400e+02
3.588462516182210038e+02 5.610000000000000000e+02
3.684285832379502494e+02 5.554285625715373271e+02
3.833453810486267912e+02 5.480000000000000000e+02
3.870000000000000000e+02 5.460000000000000000e+02
3.880000000000000000e+02 5.460000000000000000e+02
3.960000000000000000e+02 5.400000000000000000e+02
4.093515500234865954e+02 5.300000000000000000e+02
4.170000000000000000e+02 5.250000000000000000e+02
4.248435052531027054e+02 5.190000000000000000e+02
4.350000000000000000e+02 5.110000000000000000e+02
4.510000000000000000e+02 4.990000000000000000e+02
4.743509380863053480e+02 4.846490619136946520e+02
4.890000000000000000e+02 4.730000000000000000e+02
5.088569113441358809e+02 4.580000000000000000e+02
5.210000000000000000e+02 4.480000000000000000e+02
5.280000000000000000e+02 4.410000000000000000e+02
5.373471072379583120e+02 4.330000000000000000e+02
5.450000000000000000e+02 4.270000000000000000e+02
5.550000000000000000e+02 4.220000000000000000e+02
5.710000000000000000e+02 4.140000000000000000e+02
5.883443122322731824e+02 4.060000000000000000e+02
5.940000000000000000e+02 4.016477534697704073e+02
5.980000000000000000e+02 3.986469618464437303e+02
6.058436487438351605e+02 3.920000000000000000e+02
6.140000000000000000e+02 3.861434569962978003e+02
6.210000000000000000e+02 3.830000000000000000e+02
6.280000000000000000e+02 3.780000000000000000e+02
6.408439774594975233e+02 3.710000000000000000e+02
6.510000000000000000e+02 3.670000000000000000e+02
6.550000000000000000e+02 3.646484208054437204e+02
6.600000000000000000e+02 3.610000000000000000e+02
6.680000000000000000e+02 3.580000000000000000e+02
6.690000000000000000e+02 3.570000000000000000e+02
6.730000000000000000e+02 3.540000000000000000e+02
6.790000000000000000e+02 3.510000000000000000e+02
6.860000000000000000e+02 3.480000000000000000e+02
6.880000000000000000e+02 3.460000000000000000e+02
6.890000000000000000e+02 3.460000000000000000e+02
6.910000000000000000e+02 3.450000000000000000e+02
6.930000000000000000e+02 3.450000000000000000e+02
6.960000000000000000e+02 3.450000000000000000e+02
6.960000000000000000e+02 3.450000000000000000e+02
6.960000000000000000e+02 3.450000000000000000e+02
6.960000000000000000e+02 3.450000000000000000e+02
6.960000000000000000e+02 3.450000000000000000e+02
6.970000000000000000e+02 3.490000000000000000e+02
7.020000000000000000e+02 3.570000000000000000e+02
7.030000000000000000e+02 3.570000000000000000e+02
7.030000000000000000e+02 3.570000000000000000e+02
7.030000000000000000e+02 3.570000000000000000e+02
7.030000000000000000e+02 3.570000000000000000e+02
7.030000000000000000e+02 3.580000000000000000e+02
7.020000000000000000e+02 3.570000000000000000e+02
6.990000000000000000e+02 3.560000000000000000e+02
6.980000000000000000e+02 3.540000000000000000e+02
6.980000000000000000e+02 3.540000000000000000e+02
6.980000000000000000e+02 3.530000000000000000e+02
6.980000000000000000e+02 3.530000000000000000e+02
6.980000000000000000e+02 3.520000000000000000e+02
6.980000000000000000e+02 3.520000000000000000e+02
6.980000000000000000e+02 3.520000000000000000e+02
6.980000000000000000e+02 3.520000000000000000e+02
6.980000000000000000e+02 3.520000000000000000e+02
7.006854729327752693e+02 3.510000000000000000e+02
7.010000000000000000e+02 3.500000000000000000e+02
7.020000000000000000e+02 3.500000000000000000e+02
7.020000000000000000e+02 3.500000000000000000e+02
7.020000000000000000e+02 3.500000000000000000e+02
7.020000000000000000e+02 3.500000000000000000e+02
7.020000000000000000e+02 3.500000000000000000e+02
7.020000000000000000e+02 3.500000000000000000e+02
7.020000000000000000e+02 3.500000000000000000e+02
7.020000000000000000e+02 3.500000000000000000e+02
7.020000000000000000e+02 3.500000000000000000e+02
7.020000000000000000e+02 3.500000000000000000e+02
7.020000000000000000e+02 3.500000000000000000e+02
7.020000000000000000e+02 3.500000000000000000e+02
7.020000000000000000e+02 3.500000000000000000e+02
7.010000000000000000e+02 3.500000000000000000e+02
