1.766000000000000000e+03 3.250000000000000000e+02
1.743000000000000000e+03 3.250000000000000000e+02
1.739000000000000000e+03 3.250000000000000000e+02
1.739000000000000000e+03 3.250000000000000000e+02
1.739000000000000000e+03 3.250000000000000000e+02
1.737000000000000000e+03 3.250000000000000000e+02
1.712993512997853486e+03 3.270000000000000000e+02
1.671996852646637990e+03 3.320000000000000000e+02
1.639000000000000000e+03 3.380000000000000000e+02
1.595490054853326910e+03 3.470000000000000000e+02
1.527490874388643761e+03 3.600000000000000000e+02
1.436977016997845112e+03 3.740045966004310003e+02
1.353497011385199130e+03 3.860019924098672846e+02
1.278990808429574827e+03 3.990000000000000000e+02
1.216993615247170965e+03 4.100031923764145745e+02
1.166991901869715321e+03 4.200000000000000000e+02
1.129496698056979312e+03 4.270000000000000000e+02
1.113000000000000000e+03 4.290000000000000000e+02
1.086996353670162080e+03 4.340036463298379772e+02
1.052002477763659499e+03 4.390000000000000000e+02
1.035502682083681066e+03 4.420000000000000000e+02
1.026000000000000000e+03 4.420000000000000000e+02
9.955084753844319039e+02 4.460000000000000000e+02
9.750000000000000000e+02 4.470000000000000000e+02
9.695744235086048093e+02 4.470000000000000000e+02
9.640000000000000000e+02 4.470000000000000000e+02
9.610000000000000000e+02 4.480000000000000000e+02
9.610000000000000000e+02 4.480000000000000000e+02
9.610000000000000000e+02 4.480000000000000000e+02
9.600000000000000000e+02 4.560000000000000000e+02
9.590000000000000000e+02 4.600000000000000000e+02
9.590000000000000000e+02 4.600000000000000000e+02
9.590000000000000000e+02 4.600000000000000000e+02
9.590000000000000000e+02 4.580000000000000000e+02
9.590000000000000000e+02 4.560000000000000000e+02
9.570000000000000000e+02 4.550000000000000000e+02
9.570000000000000000e+02 4.550000000000000000e+02
9.570000000000000000e+02 4.550000000000000000e+02
9.570000000000000000e+02 4.550000000000000000e+02
9.613097895990473489e+02 4.540000000000000000e+02
9.650000000000000000e+02 4.540000000000000000e+02
9.650000000000000000e+02 4.540000000000000000e+02
9.650000000000000000e+02 4.540000000000000000e+02
9.650000000000000000e+02 4.540000000000000000e+02
9.650000000000000000e+02 4.540000000000000000e+02
9.650000000000000000e+02 4.540000000000000000e+02
9.645351119580751629e+02 4.540000000000000000e+02
9.640000000000000000e+02 4.540000000000000000e+02
9.640000000000000000e+02 4.540000000000000000e+02
9.640000000000000000e+02 4.540000000000000000e+02
9.630000000000000000e+02 4.530000000000000000e+02
9.630000000000000000e+02 4.530000000000000000e+02
9.630000000000000000e+02 4.530000000000000000e+02
9.630000000000000000e+02 4.530000000000000000e+02
9.630000000000000000e+02 4.530000000000000000e+02
9.630000000000000000e+02 4.530000000000000000e+02
9.630000000000000000e+02 4.530000000000000000e+02
9.630000000000000000e+02 4.530000000000000000e+02
9.630000000000000000e+02 4.530000000000000000e+02
9.630000000000000000e+02 4.530000000000000000e+02
9.630000000000000000e+02 4.530000000000000000e+02
9.630000000000000000e+02 4.530000000000000000e+02
9.619828560614247408e+02 4.530000000000000000e+02
9.617430449233077070e+02 4.530000000000000000e+02
9.615032337851907869e+02 4.530000000000000000e+02
9.612634226470737531e+02 4.530000000000000000e+02
9.610236115089568329e+02 4.530000000000000000e+02
9.607838003708397991e+02 4.530000000000000000e+02
9.605439892327228790e+02 4.530000000000000000e+02
9.603041780946058452e+02 4.530000000000000000e+02
9.600643669564889251e+02 4.530000000000000000e+02
9.600000000000000000e+02 4.530000000000000000e+02
9.600000000000000000e+02 4.530000000000000000e+02
9.600000000000000000e+02 4.530000000000000000e+02
9.600000000000000000e+02 4.530000000000000000e+02
9.600000000000000000e+02 4.530000000000000000e+02
9.468075879038018456e+02 4.621924120961982112e+02
9.054207504466943419e+02 4.925792495533056012e+02
8.387109097412660503e+02 5.392890902587339497e+02
7.961419661985240737e+02 5.758580338014759263e+02
7.887109998808247155e+02 5.870000000000000000e+02
7.742109918931807897e+02 5.977890081068192103e+02
7.502110872675248174e+02 6.137889127324751826e+02
7.154225902537825732e+02 6.355774097462174268e+02
6.794219096435806478e+02 6.570000000000000000e+02
6.677105075053609653e+02 6.650000000000000000e+02
6.610000000000000000e+02 6.720000000000000000e+02
6.450000000000000000e+02 6.867890757304713816e+02
6.340000000000000000e+02 6.980000000000000000e+02
6.300000000000000000e+02 7.050000000000000000e+02
6.241891246497613110e+02 7.082191121186094733e+02
6.204489383251435584e+02 7.111718907959393619e+02
6.167087520005255783e+02 7.141246694732692504e+02
6.129685656759078256e+02 7.170774481505991389e+02
6.092283793512899592e+02 7.200302268279290274e+02
6.080000000000000000e+02 7.210000000000000000e+02
6.070000000000000000e+02 7.237891775923721980e+02
6.070000000000000000e+02 7.280000000000000000e+02
6.080000000000000000e+02 7.280000000000000000e+02
6.080000000000000000e+02 7.280000000000000000e+02
6.080000000000000000e+02 7.280000000000000000e+02
6.080000000000000000e+02 7.280000000000000000e+02
6.100000000000000000e+02 7.280000000000000000e+02
6.100000000000000000e+02 7.280000000000000000e+02
6.100000000000000000e+02 7.280000000000000000e+02
6.100000000000000000e+02 7.280000000000000000e+02
6.100000000000000000e+02 7.280000000000000000e+02
6.100000000000000000e+02 7.280000000000000000e+02
6.100000000000000000e+02 7.280000000000000000e+02
6.100000000000000000e+02 7.280000000000000000e+02
6.100000000000000000e+02 7.280000000000000000e+02
6.090000000000000000e+02 7.280000000000000000e+02
6.000000000000000000e+02 7.124217665991174044e+02
5.657108594588149799e+02 6.588434378352598060e+02
5.048436181623164316e+02 5.455545227028954969e+02
4.538061183949145629e+02 4.336428287644020543e+02
4.264219837863607836e+02 3.445549594659019021e+02
3.925832176771363038e+02 2.729905222790351900e+02
3.780000000000000000e+02 2.367108594588149515e+02
3.810000000000000000e+02 2.204201215877933748e+02
3.852894611349547063e+02 2.030000000000000000e+02
3.890000000000000000e+02 1.842105464089712541e+02
3.857103908484268118e+02 1.634207816968536235e+02
3.761403812549641543e+02 1.431403812549641259e+02
3.680000000000000000e+02 1.260000000000000000e+02
3.650000000000000000e+02 1.117099081912483598e+02
3.640000000000000000e+02 9.900000000000000000e+01
3.640000000000000000e+02 9.100000000000000000e+01
3.640000000000000000e+02 8.800000000000000000e+01
3.640000000000000000e+02 8.500000000000000000e+01
3.640000000000000000e+02 8.400000000000000000e+01
3.640000000000000000e+02 8.400000000000000000e+01
3.640000000000000000e+02 8.300000000000000000e+01
3.640000000000000000e+02 8.200000000000000000e+01
3.660000000000000000e+02 7.800000000000000000e+01
3.660000000000000000e+02 7.600000000000000000e+01
3.660000000000000000e+02 7.600000000000000000e+01
3.670000000000000000e+02 7.193503038958905904e+01
3.670000000000000000e+02 7.169579770389771056e+01
3.670000000000000000e+02 7.145656501820637629e+01
3.670000000000000000e+02 7.121733233251504203e+01
3.670000000000000000e+02 7.100000000000000000e+01
3.670000000000000000e+02 7.100000000000000000e+01
3.670000000000000000e+02 7.100000000000000000e+01
3.670000000000000000e+02 7.100000000000000000e+01
3.670000000000000000e+02 7.100000000000000000e+01
3.670000000000000000e+02 7.100000000000000000e+01
3.670000000000000000e+02 7.100000000000000000e+01
3.670000000000000000e+02 7.100000000000000000e+01
3.670000000000000000e+02 7.100000000000000000e+01
3.670000000000000000e+02 7.100000000000000000e+01
3.670000000000000000e+02 7.100000000000000000e+01
3.670000000000000000e+02 7.100000000000000000e+01
3.670000000000000000e+02 7.100000000000000000e+01
3.670000000000000000e+02 7.100000000000000000e+01
3.670000000000000000e+02 7.100000000000000000e+01
3.670000000000000000e+02 7.100000000000000000e+01
3.670000000000000000e+02 7.100000000000000000e+01
3.670000000000000000e+02 7.100000000000000000e+01
3.670000000000000000e+02 7.100000000000000000e+01
3.747890662220104900e+02 8.378906622201047583e+01
4.173670243204588814e+02 1.323670243204588530e+02
5.593115031588971533e+02 1.993668136845864183e+02
6.635783629214824941e+02 2.250000000000000000e+02
6.995779711527010249e+02 2.280000000000000000e+02
7.257891099725961794e+02 2.310000000000000000e+02
7.512894473558841355e+02 2.350000000000000000e+02
7.590000000000000000e+02 2.360000000000000000e+02
7.640000000000000000e+02 2.390000000000000000e+02
7.757885087614738495e+02 2.457885087614738779e+02
7.850000000000000000e+02 2.512888597952868395e+02
7.930000000000000000e+02 2.540000000000000000e+02
8.009325723113895492e+02 2.589578576946184398e+02
8.070000000000000000e+02 2.602892094908789318e+02
8.110000000000000000e+02 2.620000000000000000e+02
8.160000000000000000e+02 2.640000000000000000e+02
8.170000000000000000e+02 2.640000000000000000e+02
8.180000000000000000e+02 2.650000000000000000e+02
8.180000000000000000e+02 2.650000000000000000e+02
8.190000000000000000e+02 2.650000000000000000e+02
8.210000000000000000e+02 2.670000000000000000e+02
8.250000000000000000e+02 2.680000000000000000e+02
8.250000000000000000e+02 2.680000000000000000e+02
8.250000000000000000e+02 2.680000000000000000e+02
8.250000000000000000e+02 2.680000000000000000e+02
8.250000000000000000e+02 2.680000000000000000e+02
8.250000000000000000e+02 2.680000000000000000e+02
8.250000000000000000e+02 2.680000000000000000e+02
8.250000000000000000e+02 2.680000000000000000e+02
8.280000000000000000e+02 2.690000000000000000e+02
8.290000000000000000e+02 2.690000000000000000e+02
8.290000000000000000e+02 2.690000000000000000e+02
8.290000000000000000e+02 2.690000000000000000e+02
8.290000000000000000e+02 2.690000000000000000e+02
8.290000000000000000e+02 2.690000000000000000e+02
8.290000000000000000e+02 2.690000000000000000e+02
8.290000000000000000e+02 2.690000000000000000e+02
8.290000000000000000e+02 2.690000000000000000e+02
8.290000000000000000e+02 2.690000000000000000e+02
8.290000000000000000e+02 2.690000000000000000e+02
8.290000000000000000e+02 2.690000000000000000e+02
8.290000000000000000e+02 2.690000000000000000e+02
8.290000000000000000e+02 2.707837702573887100e+02
8.120000000000000000e+02 2.880000000000000000e+02
7.458649344457666075e+02 3.200000000000000000e+02
6.190820317157505315e+02 3.410000000000000000e+02
5.234334604385121565e+02 3.490000000000000000e+02
4.940000000000000000e+02 3.540000000000000000e+02
4.850000000000000000e+02 3.570000000000000000e+02
4.570000000000000000e+02 3.600000000000000000e+02
4.221520927646731707e+02 3.620000000000000000e+02
4.090000000000000000e+02 3.620000000000000000e+02
4.060000000000000000e+02 3.600000000000000000e+02
3.950000000000000000e+02 3.550000000000000000e+02
3.810000000000000000e+02 3.497265816752050114e+02
3.678233001988071464e+02 3.440000000000000000e+02
3.590000000000000000e+02 3.410000000000000000e+02
3.570000000000000000e+02 3.400000000000000000e+02
3.570000000000000000e+02 3.400000000000000000e+02
3.550000000000000000e+02 3.400000000000000000e+02
3.530000000000000000e+02 3.400000000000000000e+02
3.510000000000000000e+02 3.410000000000000000e+02
3.490000000000000000e+02 3.430000000000000000e+02
3.480000000000000000e+02 3.440000000000000000e+02
3.470000000000000000e+02 3.440000000000000000e+02
3.470000000000000000e+02 3.440000000000000000e+02
3.470000000000000000e+02 3.440000000000000000e+02
3.470000000000000000e+02 3.440000000000000000e+02
3.470000000000000000e+02 3.440000000000000000e+02
3.480000000000000000e+02 3.440000000000000000e+02
3.490000000000000000e+02 3.440000000000000000e+02
3.490000000000000000e+02 3.430000000000000000e+02
3.490000000000000000e+02 3.430000000000000000e+02
3.490000000000000000e+02 3.430000000000000000e+02
3.490000000000000000e+02 3.430000000000000000e+02
3.490000000000000000e+02 3.430000000000000000e+02
3.490000000000000000e+02 3.430000000000000000e+02
3.490000000000000000e+02 3.430000000000000000e+02
3.490000000000000000e+02 3.430000000000000000e+02
3.490000000000000000e+02 3.430000000000000000e+02
3.480000000000000000e+02 3.474929644645838493e+02
3.410000000000000000e+02 3.887189556509309796e+02
3.814373390557982475e+02 4.609582260371988127e+02
4.694796375774919852e+02 5.040000000000000000e+02
4.840000000000000000e+02 5.080000000000000000e+02
4.840000000000000000e+02 5.080000000000000000e+02
4.840000000000000000e+02 5.080000000000000000e+02
4.717663130289657829e+02 4.987663130289657829e+02
4.627658606313279961e+02 4.920000000000000000e+02
4.560000000000000000e+02 4.920000000000000000e+02
4.460000000000000000e+02 4.920000000000000000e+02
4.390000000000000000e+02 4.940000000000000000e+02
4.310000000000000000e+02 4.960000000000000000e+02
4.219906967872682344e+02 4.993364344042439029e+02
4.200000000000000000e+02 5.000000000000000000e+02
4.200000000000000000e+02 5.000000000000000000e+02
4.200000000000000000e+02 5.000000000000000000e+02
4.230000000000000000e+02 5.000000000000000000e+02
4.260000000000000000e+02 5.000000000000000000e+02
4.290000000000000000e+02 5.000000000000000000e+02
4.290000000000000000e+02 5.000000000000000000e+02
4.290000000000000000e+02 5.000000000000000000e+02
4.290000000000000000e+02 5.000000000000000000e+02
4.290000000000000000e+02 5.000000000000000000e+02
4.290000000000000000e+02 5.000000000000000000e+02
4.290000000000000000e+02 5.000000000000000000e+02
4.290000000000000000e+02 5.000000000000000000e+02
4.280000000000000000e+02 5.000000000000000000e+02
4.280000000000000000e+02 5.000000000000000000e+02
4.280000000000000000e+02 5.000000000000000000e+02
4.280000000000000000e+02 5.000000000000000000e+02
4.280000000000000000e+02 5.000000000000000000e+02
4.280000000000000000e+02 5.000000000000000000e+02
4.280000000000000000e+02 5.000000000000000000e+02
4.280000000000000000e+02 5.000000000000000000e+02
4.376989272943981177e+02 4.970000000000000000e+02
4.706995106814659380e+02 4.716009786370681240e+02
5.080964941569303619e+02 4.326023372287131110e+02
5.693985944014298184e+02 3.736014055985702385e+02
6.236988675646686033e+02 3.359033973059943605e+02
6.360000000000000000e+02 3.220000000000000000e+02
6.416314217472310020e+02 3.135897252044304651e+02
6.471294098959579060e+02 2.988705901040420940e+02
6.520000000000000000e+02 2.840000000000000000e+02
6.581934437954469104e+02 2.728065562045530328e+02
6.660000000000000000e+02 2.580000000000000000e+02
6.720000000000000000e+02 2.470000000000000000e+02
6.760000000000000000e+02 2.360000000000000000e+02
6.780000000000000000e+02 2.310000000000000000e+02
6.820000000000000000e+02 2.260000000000000000e+02
6.863745229007633952e+02 2.240000000000000000e+02
6.976880677077128894e+02 2.220000000000000000e+02
6.980000000000000000e+02 2.220000000000000000e+02
6.980000000000000000e+02 2.220000000000000000e+02
6.980000000000000000e+02 2.220000000000000000e+02
6.980000000000000000e+02 2.310000000000000000e+02
6.980000000000000000e+02 2.330000000000000000e+02
6.980000000000000000e+02 2.330000000000000000e+02
6.980000000000000000e+02 2.330000000000000000e+02
6.980000000000000000e+02 2.330000000000000000e+02
6.980000000000000000e+02 2.330000000000000000e+02
6.990000000000000000e+02 2.320000000000000000e+02
7.000000000000000000e+02 2.320000000000000000e+02
7.000000000000000000e+02 2.320000000000000000e+02
7.000000000000000000e+02 2.320000000000000000e+02
7.000000000000000000e+02 2.320000000000000000e+02
7.000000000000000000e+02 2.320000000000000000e+02
7.000000000000000000e+02 2.320000000000000000e+02
7.013083578372936699e+02 2.306916421627062732e+02
7.020000000000000000e+02 2.300000000000000000e+02
7.020000000000000000e+02 2.300000000000000000e+02
7.020000000000000000e+02 2.300000000000000000e+02
7.020000000000000000e+02 2.300000000000000000e+02
7.020000000000000000e+02 2.300000000000000000e+02
7.020000000000000000e+02 2.300000000000000000e+02
7.020000000000000000e+02 2.300000000000000000e+02
7.020000000000000000e+02 2.300000000000000000e+02
7.020000000000000000e+02 2.300000000000000000e+02
7.020000000000000000e+02 2.300000000000000000e+02
7.020000000000000000e+02 2.300000000000000000e+02
7.020000000000000000e+02 2.300000000000000000e+02
7.030000000000000000e+02 2.430000000000000000e+02
7.060000000000000000e+02 2.650973544132839947e+02
7.086443676242708989e+02 3.029331028728128103e+02
7.130000000000000000e+02 3.589317439504101799e+02
7.131440657769304607e+02 4.154321973307912117e+02
7.176442270992370140e+02 4.499326812977109853e+02
7.200000000000000000e+02 4.856441821649983126e+02
7.220000000000000000e+02 5.180000000000000000e+02
7.256388849177981228e+02 5.346388849177981228e+02
7.346389749702026393e+02 5.602779499404052785e+02
7.420000000000000000e+02 5.892667620069129271e+02
7.420000000000000000e+02 6.314125930166010221e+02
7.460000000000000000e+02 6.541330153809477679e+02
7.470000000000000000e+02 6.570000000000000000e+02
7.526338817358130200e+02 6.640000000000000000e+02
7.580000000000000000e+02 6.720000000000000000e+02
7.580000000000000000e+02 6.720000000000000000e+02
7.640000000000000000e+02 6.770000000000000000e+02
7.660000000000000000e+02 6.830000000000000000e+02
7.680000000000000000e+02 6.880000000000000000e+02
7.730000000000000000e+02 6.900000000000000000e+02
7.730000000000000000e+02 6.900000000000000000e+02
7.730000000000000000e+02 6.900000000000000000e+02
7.760000000000000000e+02 6.920000000000000000e+02
7.770000000000000000e+02 6.921259391771019409e+02
7.770000000000000000e+02 6.930000000000000000e+02
7.790000000000000000e+02 6.972427444417895686e+02
7.790000000000000000e+02 6.980000000000000000e+02
7.790000000000000000e+02 7.000000000000000000e+02
7.790000000000000000e+02 7.000000000000000000e+02
7.790000000000000000e+02 7.000000000000000000e+02
7.790000000000000000e+02 7.000000000000000000e+02
7.790000000000000000e+02 7.000000000000000000e+02
7.790000000000000000e+02 7.000000000000000000e+02
7.790000000000000000e+02 7.000000000000000000e+02
7.790000000000000000e+02 7.000000000000000000e+02
7.800000000000000000e+02 7.050000000000000000e+02
7.810000000000000000e+02 7.120000000000000000e+02
7.810000000000000000e+02 7.120000000000000000e+02
7.810000000000000000e+02 7.120000000000000000e+02
7.810000000000000000e+02 7.120000000000000000e+02
7.810000000000000000e+02 7.080000000000000000e+02
7.810000000000000000e+02 7.007178684879281718e+02
7.810000000000000000e+02 6.980000000000000000e+02
7.810000000000000000e+02 6.980000000000000000e+02
7.810000000000000000e+02 6.980000000000000000e+02
7.810000000000000000e+02 6.980000000000000000e+02
7.810000000000000000e+02 6.980000000000000000e+02
7.810000000000000000e+02 6.980000000000000000e+02
7.810000000000000000e+02 6.990000000000000000e+02
7.810000000000000000e+02 6.990000000000000000e+02
7.810000000000000000e+02 6.990000000000000000e+02
7.810000000000000000e+02 6.990000000000000000e+02
7.800000000000000000e+02 7.000000000000000000e+02
7.795770699117156255e+02 7.000000000000000000e+02
7.750000000000000000e+02 7.040000000000000000e+02
7.750000000000000000e+02 7.050000000000000000e+02
7.750000000000000000e+02 7.050000000000000000e+02
7.750000000000000000e+02 7.050000000000000000e+02
7.750000000000000000e+02 7.050000000000000000e+02
7.800000000000000000e+02 7.005772245384154076e+02
7.810000000000000000e+02 6.980000000000000000e+02
7.810000000000000000e+02 6.980000000000000000e+02
7.810000000000000000e+02 6.980000000000000000e+02
7.810000000000000000e+02 6.980000000000000000e+02
7.810000000000000000e+02 6.980000000000000000e+02
7.810000000000000000e+02 6.980000000000000000e+02
7.810000000000000000e+02 6.980000000000000000e+02
7.810000000000000000e+02 6.980000000000000000e+02
7.810000000000000000e+02 6.980000000000000000e+02
7.810000000000000000e+02 6.980000000000000000e+02
7.810000000000000000e+02 6.980000000000000000e+02
7.810000000000000000e+02 6.980000000000000000e+02
7.810000000000000000e+02 6.980000000000000000e+02
7.810000000000000000e+02 6.980000000000000000e+02
7.810000000000000000e+02 6.980000000000000000e+02
7.810000000000000000e+02 6.980000000000000000e+02
7.810000000000000000e+02 6.980000000000000000e+02
7.810000000000000000e+02 6.980000000000000000e+02
7.810000000000000000e+02 6.980000000000000000e+02
7.810000000000000000e+02 6.980000000000000000e+02
7.810000000000000000e+02 6.980000000000000000e+02
7.810000000000000000e+02 6.980000000000000000e+02
7.810000000000000000e+02 6.990000000000000000e+02
7.810000000000000000e+02 6.990000000000000000e+02
7.810000000000000000e+02 6.990000000000000000e+02
7.810000000000000000e+02 6.990000000000000000e+02
7.810000000000000000e+02 6.990000000000000000e+02
7.810000000000000000e+02 6.990000000000000000e+02
7.810000000000000000e+02 6.990000000000000000e+02
7.810000000000000000e+02 6.990000000000000000e+02
7.810000000000000000e+02 6.990000000000000000e+02
7.810000000000000000e+02 6.990000000000000000e+02
7.810000000000000000e+02 6.990000000000000000e+02
7.755775420193109539e+02 7.014224579806890461e+02
7.083869699857057185e+02 7.150000000000000000e+02
5.846190408017122309e+02 7.210000000000000000e+02
4.877109839560167757e+02 7.153710983956017344e+02
4.660000000000000000e+02 7.130000000000000000e+02
4.585769460007152247e+02 7.130000000000000000e+02
4.335770965048308767e+02 7.130000000000000000e+02
4.065765589602949603e+02 7.160000000000000000e+02
4.020000000000000000e+02 7.170000000000000000e+02
3.930000000000000000e+02 7.170000000000000000e+02
3.770000000000000000e+02 7.200000000000000000e+02
3.690000000000000000e+02 7.200000000000000000e+02
3.640000000000000000e+02 7.200000000000000000e+02
3.583589331849433961e+02 7.200000000000000000e+02
3.560000000000000000e+02 7.200000000000000000e+02
3.500000000000000000e+02 7.210000000000000000e+02
3.490000000000000000e+02 7.210000000000000000e+02
3.490000000000000000e+02 7.210000000000000000e+02
3.490000000000000000e+02 7.210000000000000000e+02
3.490000000000000000e+02 7.210000000000000000e+02
3.490000000000000000e+02 7.210000000000000000e+02
3.490000000000000000e+02 7.210000000000000000e+02
3.490000000000000000e+02 7.210000000000000000e+02
3.490000000000000000e+02 7.210000000000000000e+02
3.490000000000000000e+02 7.210000000000000000e+02
3.490000000000000000e+02 7.210000000000000000e+02
3.490000000000000000e+02 7.210000000000000000e+02
3.500000000000000000e+02 7.190000000000000000e+02
3.510000000000000000e+02 6.881536585365831797e+02
3.351042241208008363e+02 6.153022499503223344e+02
3.000767946577629459e+02 5.162303839732887809e+02
2.763247921104074294e+02 4.464387690990957935e+02
2.660000000000000000e+02 3.995775950423065410e+02
2.590000000000000000e+02 3.640000000000000000e+02
2.570000000000000000e+02 3.420774055085236682e+02
2.550771888028588421e+02 3.130771888028588705e+02
2.500000000000000000e+02 2.840772293752976907e+02
2.460000000000000000e+02 2.710000000000000000e+02
2.390000000000000000e+02 2.610000000000000000e+02
2.337183044927756725e+02 2.560000000000000000e+02
2.310000000000000000e+02 2.530000000000000000e+02
2.260000000000000000e+02 2.490000000000000000e+02
2.215768112488076724e+02 2.435768112488076724e+02
2.190000000000000000e+02 2.400771724877805582e+02
2.190000000000000000e+02 2.400000000000000000e+02
2.180000000000000000e+02 2.380000000000000000e+02
2.150000000000000000e+02 2.340000000000000000e+02
2.130000000000000000e+02 2.310000000000000000e+02
2.120000000000000000e+02 2.300000000000000000e+02
2.120000000000000000e+02 2.300000000000000000e+02
2.120000000000000000e+02 2.300000000000000000e+02
2.120000000000000000e+02 2.300000000000000000e+02
2.120000000000000000e+02 2.300000000000000000e+02
2.120000000000000000e+02 2.300000000000000000e+02
2.120000000000000000e+02 2.300000000000000000e+02
2.120000000000000000e+02 2.300000000000000000e+02
2.122519350017919919e+02 2.300000000000000000e+02
2.133155361405454755e+02 2.300000000000000000e+02
2.143791372792989307e+02 2.300000000000000000e+02
2.150000000000000000e+02 2.300000000000000000e+02
2.150000000000000000e+02 2.300000000000000000e+02
2.150000000000000000e+02 2.300000000000000000e+02
2.150000000000000000e+02 2.300000000000000000e+02
2.150000000000000000e+02 2.300000000000000000e+02
2.150000000000000000e+02 2.300000000000000000e+02
2.150000000000000000e+02 2.300000000000000000e+02
2.100000000000000000e+02 2.494226010251523462e+02
1.980000000000000000e+02 2.929226936829566057e+02
1.741547848885689689e+02 3.628452151114310595e+02
1.610774970202608074e+02 4.059225029797391926e+02
1.560000000000000000e+02 4.190000000000000000e+02
1.530000000000000000e+02 4.220000000000000000e+02
1.450000000000000000e+02 4.230000000000000000e+02
1.390000000000000000e+02 4.280000000000000000e+02
1.390000000000000000e+02 4.280000000000000000e+02
1.390000000000000000e+02 4.280000000000000000e+02
1.390000000000000000e+02 4.280000000000000000e+02
1.380000000000000000e+02 4.280000000000000000e+02
1.330000000000000000e+02 4.270000000000000000e+02
1.320000000000000000e+02 4.270000000000000000e+02
1.310000000000000000e+02 4.260000000000000000e+02
1.310000000000000000e+02 4.260000000000000000e+02
1.310000000000000000e+02 4.260000000000000000e+02
1.310000000000000000e+02 4.260000000000000000e+02
1.310000000000000000e+02 4.260000000000000000e+02
1.310000000000000000e+02 4.260000000000000000e+02
1.310000000000000000e+02 4.260000000000000000e+02
1.310000000000000000e+02 4.260000000000000000e+02
1.340000000000000000e+02 4.260000000000000000e+02
1.490000000000000000e+02 4.270000000000000000e+02
1.886904733516155943e+02 4.438452366758078256e+02
2.612681606866144648e+02 4.828454404577429955e+02
3.264098959574322976e+02 5.278459375744594126e+02
3.996924103419559060e+02 5.747693077564669011e+02
4.614229566877475008e+02 6.154229566877475008e+02
5.187675804529201287e+02 6.559225268176400050e+02
5.510000000000000000e+02 6.790000000000000000e+02
5.569231887511923560e+02 6.840000000000000000e+02
5.720000000000000000e+02 6.980000000000000000e+02
5.979225583611257662e+02 7.150000000000000000e+02
6.100000000000000000e+02 7.294229715238889185e+02
6.238455044121161563e+02 7.410000000000000000e+02
6.454231383295610840e+02 7.570000000000000000e+02
6.480000000000000000e+02 7.590000000000000000e+02
6.520000000000000000e+02 7.620000000000000000e+02
6.592815479974570962e+02 7.685630959949141925e+02
6.710000000000000000e+02 7.810000000000000000e+02
6.720000000000000000e+02 7.810000000000000000e+02
6.720000000000000000e+02 7.810000000000000000e+02
6.720000000000000000e+02 7.810000000000000000e+02
6.720000000000000000e+02 7.810000000000000000e+02
6.720000000000000000e+02 7.810000000000000000e+02
6.720000000000000000e+02 7.810000000000000000e+02
6.720000000000000000e+02 7.810000000000000000e+02
6.720000000000000000e+02 7.810000000000000000e+02
6.710000000000000000e+02 7.780000000000000000e+02
6.710000000000000000e+02 7.780000000000000000e+02
6.710000000000000000e+02 7.780000000000000000e+02
6.710000000000000000e+02 7.780000000000000000e+02
6.710000000000000000e+02 7.780000000000000000e+02
6.710000000000000000e+02 7.780000000000000000e+02
6.710000000000000000e+02 7.780000000000000000e+02
6.710000000000000000e+02 7.780000000000000000e+02
6.500899165673409925e+02 7.550000000000000000e+02
5.945955884106340363e+02 6.915955884106340363e+02
5.455955873583781113e+02 6.023823494335122177e+02
5.300000000000000000e+02 5.671915890083624845e+02
5.290000000000000000e+02 5.540000000000000000e+02
5.280000000000000000e+02 5.440000000000000000e+02
5.280000000000000000e+02 5.340000000000000000e+02
5.290000000000000000e+02 5.290000000000000000e+02
5.388984138342281085e+02 5.181015861657718915e+02
5.450000000000000000e+02 5.091014672551585249e+02
5.470000000000000000e+02 5.070000000000000000e+02
5.490000000000000000e+02 5.010000000000000000e+02
5.532971072081379589e+02 4.927028927918620411e+02
5.570000000000000000e+02 4.851083224193352521e+02
5.620000000000000000e+02 4.780000000000000000e+02
5.640000000000000000e+02 4.740000000000000000e+02
5.640000000000000000e+02 4.720000000000000000e+02
5.640000000000000000e+02 4.720000000000000000e+02
5.640000000000000000e+02 4.720000000000000000e+02
5.640000000000000000e+02 4.720000000000000000e+02
5.640000000000000000e+02 4.720000000000000000e+02
5.640000000000000000e+02 4.720000000000000000e+02
5.640000000000000000e+02 4.720000000000000000e+02
5.640000000000000000e+02 4.720000000000000000e+02
5.640000000000000000e+02 4.720000000000000000e+02
5.640000000000000000e+02 4.720000000000000000e+02
5.668850064880948594e+02 4.720000000000000000e+02
5.704249142833028827e+02 4.720000000000000000e+02
5.851684336008905802e+02 4.664157831995547099e+02
6.541311792059160553e+02 4.198688207940839447e+02
7.355056522776097836e+02 3.596235869305975257e+02
7.768701478302350552e+02 3.291298521697648880e+02
8.033693500298151093e+02 3.030000000000000000e+02
8.208639256346089041e+02 2.831360743653911527e+02
8.230000000000000000e+02 2.720000000000000000e+02
8.270000000000000000e+02 2.634242020009521070e+02
8.290000000000000000e+02 2.602721225173457924e+02
8.370000000000000000e+02 2.500000000000000000e+02
8.430000000000000000e+02 2.430000000000000000e+02
8.460000000000000000e+02 2.370000000000000000e+02
8.480000000000000000e+02 2.340000000000000000e+02
8.490000000000000000e+02 2.330000000000000000e+02
8.511700268499298545e+02 2.327449597251051614e+02
8.519636615811373304e+02 2.315545076282940329e+02
8.527572963123446925e+02 2.303640555314828759e+02
8.530000000000000000e+02 2.290000000000000000e+02
8.550000000000000000e+02 2.290000000000000000e+02
8.570000000000000000e+02 2.270000000000000000e+02
8.600000000000000000e+02 2.250000000000000000e+02
8.600000000000000000e+02 2.250000000000000000e+02
8.610000000000000000e+02 2.250000000000000000e+02
8.620000000000000000e+02 2.250000000000000000e+02
8.620000000000000000e+02 2.250000000000000000e+02
8.620000000000000000e+02 2.250000000000000000e+02
8.620000000000000000e+02 2.250000000000000000e+02
8.620000000000000000e+02 2.250000000000000000e+02
8.620000000000000000e+02 2.250000000000000000e+02
8.620000000000000000e+02 2.250000000000000000e+02
8.620000000000000000e+02 2.250000000000000000e+02
8.610000000000000000e+02 2.390000000000000000e+02
8.550000000000000000e+02 2.470000000000000000e+02
8.259894623912223324e+02 2.366631541304074346e+02
6.925374106433677071e+02 2.108843526608419268e+02
4.983254948724056703e+02 1.850000000000000000e+02
4.470000000000000000e+02 1.820000000000000000e+02
4.386625834127730172e+02 1.800000000000000000e+02
4.009887471689074232e+02 1.740000000000000000e+02
3.750000000000000000e+02 1.670000000000000000e+02
3.730000000000000000e+02 1.660000000000000000e+02
3.560000000000000000e+02 1.590000000000000000e+02
3.503406302001729955e+02 1.570681260400345991e+02
3.490000000000000000e+02 1.570000000000000000e+02
3.460000000000000000e+02 1.560000000000000000e+02
3.440000000000000000e+02 1.560000000000000000e+02
3.400000000000000000e+02 1.550000000000000000e+02
3.370000000000000000e+02 1.550000000000000000e+02
3.327635389378409059e+02 1.550000000000000000e+02
3.290000000000000000e+02 1.550000000000000000e+02
3.280000000000000000e+02 1.550000000000000000e+02
3.260000000000000000e+02 1.550000000000000000e+02
3.250000000000000000e+02 1.550000000000000000e+02
3.240000000000000000e+02 1.550000000000000000e+02
3.240000000000000000e+02 1.540000000000000000e+02
3.240000000000000000e+02 1.520000000000000000e+02
3.240000000000000000e+02 1.510000000000000000e+02
3.240000000000000000e+02 1.490000000000000000e+02
3.240000000000000000e+02 1.490000000000000000e+02
3.240000000000000000e+02 1.490000000000000000e+02
3.220000000000000000e+02 1.490000000000000000e+02
3.200000000000000000e+02 1.490000000000000000e+02
3.200000000000000000e+02 1.490000000000000000e+02
3.200000000000000000e+02 1.490000000000000000e+02
3.200000000000000000e+02 1.490000000000000000e+02
3.200000000000000000e+02 1.500000000000000000e+02
3.210000000000000000e+02 1.510000000000000000e+02
3.210000000000000000e+02 1.560000000000000000e+02
3.210000000000000000e+02 1.560000000000000000e+02
3.210000000000000000e+02 1.560000000000000000e+02
3.210000000000000000e+02 1.560000000000000000e+02
3.220000000000000000e+02 1.550000000000000000e+02
3.220000000000000000e+02 1.550000000000000000e+02
3.220000000000000000e+02 1.520000000000000000e+02
3.220000000000000000e+02 1.510000000000000000e+02
3.210000000000000000e+02 1.500000000000000000e+02
3.190000000000000000e+02 1.500000000000000000e+02
3.170000000000000000e+02 1.490000000000000000e+02
3.150000000000000000e+02 1.490000000000000000e+02
3.150000000000000000e+02 1.490000000000000000e+02
3.150000000000000000e+02 1.490000000000000000e+02
3.150000000000000000e+02 1.490000000000000000e+02
3.150000000000000000e+02 1.490000000000000000e+02
3.150000000000000000e+02 1.490000000000000000e+02
3.160000000000000000e+02 1.490000000000000000e+02
3.160000000000000000e+02 1.490000000000000000e+02
3.160000000000000000e+02 1.490000000000000000e+02
3.160000000000000000e+02 1.490000000000000000e+02
3.160000000000000000e+02 1.490000000000000000e+02
3.160000000000000000e+02 1.490000000000000000e+02
3.160000000000000000e+02 1.490000000000000000e+02
3.160000000000000000e+02 1.490000000000000000e+02
3.160000000000000000e+02 1.490000000000000000e+02
3.282365865270188010e+02 1.500000000000000000e+02
3.789422985216976372e+02 1.534711492608488186e+02
5.036789034565064753e+02 1.630000000000000000e+02
6.024677559778536988e+02 1.637504885457900912e+02
6.557258144184398816e+02 1.620000000000000000e+02
6.772363571343439617e+02 1.530000000000000000e+02
6.910000000000000000e+02 1.490000000000000000e+02
6.990000000000000000e+02 1.490000000000000000e+02
6.990000000000000000e+02 1.470000000000000000e+02
7.030000000000000000e+02 1.460000000000000000e+02
7.100000000000000000e+02 1.440000000000000000e+02
7.157357321577504763e+02 1.395285356844989906e+02
7.210000000000000000e+02 1.370000000000000000e+02
7.260000000000000000e+02 1.350000000000000000e+02
7.310000000000000000e+02 1.320000000000000000e+02
7.310000000000000000e+02 1.320000000000000000e+02
7.336462649837262688e+02 1.320000000000000000e+02
7.340000000000000000e+02 1.320000000000000000e+02
7.340000000000000000e+02 1.320000000000000000e+02
7.340000000000000000e+02 1.320000000000000000e+02
7.340000000000000000e+02 1.320000000000000000e+02
7.340000000000000000e+02 1.320000000000000000e+02
7.340000000000000000e+02 1.320000000000000000e+02
7.340000000000000000e+02 1.320000000000000000e+02
7.340000000000000000e+02 1.320000000000000000e+02
7.340000000000000000e+02 1.320000000000000000e+02
7.340000000000000000e+02 1.320000000000000000e+02
7.340000000000000000e+02 1.320000000000000000e+02
7.340000000000000000e+02 1.320000000000000000e+02
7.350000000000000000e+02 1.330000000000000000e+02
7.350000000000000000e+02 1.330000000000000000e+02
7.350000000000000000e+02 1.330000000000000000e+02
7.350000000000000000e+02 1.330000000000000000e+02
7.350000000000000000e+02 1.330000000000000000e+02
7.350000000000000000e+02 1.330000000000000000e+02
7.350000000000000000e+02 1.330000000000000000e+02
7.350000000000000000e+02 1.330000000000000000e+02
7.350000000000000000e+02 1.330000000000000000e+02
7.350000000000000000e+02 1.330000000000000000e+02
7.350000000000000000e+02 1.330000000000000000e+02
7.350000000000000000e+02 1.330000000000000000e+02
7.350000000000000000e+02 1.330000000000000000e+02
7.350000000000000000e+02 1.330000000000000000e+02
7.350000000000000000e+02 1.330000000000000000e+02
7.350000000000000000e+02 1.330000000000000000e+02
7.350000000000000000e+02 1.330000000000000000e+02
7.350000000000000000e+02 1.330000000000000000e+02
7.350000000000000000e+02 1.330000000000000000e+02
7.350000000000000000e+02 1.330000000000000000e+02
7.350000000000000000e+02 1.330000000000000000e+02
7.350000000000000000e+02 1.330000000000000000e+02
7.350000000000000000e+02 1.330000000000000000e+02
7.292083939430049213e+02 1.377916060569951071e+02
7.057079876013344801e+02 1.542920123986654630e+02
6.462347715534385770e+02 1.923826142232807399e+02
5.824267969960634446e+02 2.487866015019682777e+02
5.367036595541781026e+02 3.022963404458218974e+02
5.071097950428916192e+02 3.422967349857028125e+02
4.808599036938538802e+02 3.689086723207245200e+02
4.640000000000000000e+02 3.860000000000000000e+02
4.520000000000000000e+02 3.980000000000000000e+02
4.278576194447754233e+02 4.100000000000000000e+02
4.150000000000000000e+02 4.170000000000000000e+02
4.090000000000000000e+02 4.180000000000000000e+02
3.898572586412402643e+02 4.220000000000000000e+02
3.870000000000000000e+02 4.220000000000000000e+02
3.820000000000000000e+02 4.220000000000000000e+02
3.790000000000000000e+02 4.220000000000000000e+02
3.790000000000000000e+02 4.220000000000000000e+02
3.790000000000000000e+02 4.220000000000000000e+02
3.790000000000000000e+02 4.220000000000000000e+02
3.790000000000000000e+02 4.220000000000000000e+02
3.790000000000000000e+02 4.220000000000000000e+02
3.790000000000000000e+02 4.220000000000000000e+02
3.790000000000000000e+02 4.236429201956333372e+02
3.780000000000000000e+02 4.270000000000000000e+02
3.780000000000000000e+02 4.270000000000000000e+02
3.760000000000000000e+02 4.320000000000000000e+02
3.760000000000000000e+02 4.330000000000000000e+02
3.750000000000000000e+02 4.340000000000000000e+02
3.750000000000000000e+02 4.340000000000000000e+02
3.720000000000000000e+02 4.350000000000000000e+02
3.720000000000000000e+02 4.350000000000000000e+02
3.700000000000000000e+02 4.350000000000000000e+02
3.700000000000000000e+02 4.350000000000000000e+02
3.700000000000000000e+02 4.350000000000000000e+02
3.700000000000000000e+02 4.350000000000000000e+02
3.700000000000000000e+02 4.350000000000000000e+02
3.700000000000000000e+02 4.350000000000000000e+02
3.700000000000000000e+02 4.350000000000000000e+02
3.700000000000000000e+02 4.350000000000000000e+02
3.700000000000000000e+02 4.350000000000000000e+02
3.700000000000000000e+02 4.350000000000000000e+02
3.700000000000000000e+02 4.350000000000000000e+02
3.700000000000000000e+02 4.350000000000000000e+02
3.700000000000000000e+02 4.350000000000000000e+02
3.822842880912764372e+02 4.390000000000000000e+02
4.305707404316289058e+02 4.682853702158144529e+02
5.255699165673448761e+02 5.094274374255086855e+02
5.910462051974867563e+02 5.525231025987434350e+02
6.417617791898341011e+02 5.917617791898341011e+02
6.766424061941631862e+02 6.210000000000000000e+02
7.189277220630436886e+02 6.459277220630436886e+02
7.541437038800293067e+02 6.672874077600584997e+02
7.610000000000000000e+02 6.740000000000000000e+02
7.610000000000000000e+02 6.740000000000000000e+02
7.630000000000000000e+02 6.770000000000000000e+02
7.630000000000000000e+02 6.770000000000000000e+02
7.630000000000000000e+02 6.770000000000000000e+02
7.650000000000000000e+02 6.770000000000000000e+02
7.696429269455383064e+02 6.770000000000000000e+02
7.770000000000000000e+02 6.770000000000000000e+02
7.771177339238120112e+02 6.770000000000000000e+02
7.778281891733722659e+02 6.770000000000000000e+02
7.785386444229325207e+02 6.770000000000000000e+02
7.792490996724927754e+02 6.770000000000000000e+02
7.799595549220529165e+02 6.770000000000000000e+02
7.806700101716131712e+02 6.770000000000000000e+02
7.813804654211734260e+02 6.770000000000000000e+02
7.820909206707336807e+02 6.770000000000000000e+02
7.828013759202939355e+02 6.770000000000000000e+02
7.835118311698540765e+02 6.770000000000000000e+02
7.842222864194143312e+02 6.770000000000000000e+02
7.849327416689745860e+02 6.770000000000000000e+02
7.850000000000000000e+02 6.770000000000000000e+02
7.850000000000000000e+02 6.770000000000000000e+02
7.850000000000000000e+02 6.770000000000000000e+02
7.850000000000000000e+02 6.770000000000000000e+02
7.850000000000000000e+02 6.770000000000000000e+02
7.850000000000000000e+02 6.770000000000000000e+02
7.850000000000000000e+02 6.770000000000000000e+02
7.850000000000000000e+02 6.770000000000000000e+02
7.850000000000000000e+02 6.770000000000000000e+02
7.850000000000000000e+02 6.770000000000000000e+02
7.850000000000000000e+02 6.770000000000000000e+02
7.850000000000000000e+02 6.770000000000000000e+02
7.850000000000000000e+02 6.770000000000000000e+02
7.840000000000000000e+02 6.750000000000000000e+02
7.606156376638841721e+02 6.720000000000000000e+02
6.333531625831046767e+02 6.658705215580431513e+02
5.646752267533423719e+02 6.639568948630961813e+02
4.959972909235801239e+02 6.620432681681493250e+02
4.273193550938080989e+02 6.601296414732021276e+02
3.586414192640457941e+02 6.582160147782551576e+02
3.100000000000000000e+02 6.570000000000000000e+02
3.100000000000000000e+02 6.570000000000000000e+02
3.100000000000000000e+02 6.570000000000000000e+02
3.100000000000000000e+02 6.570000000000000000e+02
3.120000000000000000e+02 6.570000000000000000e+02
3.170000000000000000e+02 6.571086816720285242e+02
3.180000000000000000e+02 6.580000000000000000e+02
3.200000000000000000e+02 6.590000000000000000e+02
3.200000000000000000e+02 6.600000000000000000e+02
3.200000000000000000e+02 6.600000000000000000e+02
3.200000000000000000e+02 6.600000000000000000e+02
3.184029804482580062e+02 6.620000000000000000e+02
3.170000000000000000e+02 6.630000000000000000e+02
3.170000000000000000e+02 6.630000000000000000e+02
3.170000000000000000e+02 6.630000000000000000e+02
3.170000000000000000e+02 6.630000000000000000e+02
3.170000000000000000e+02 6.620000000000000000e+02
3.170000000000000000e+02 6.610000000000000000e+02
3.170000000000000000e+02 6.590000000000000000e+02
3.170000000000000000e+02 6.580000000000000000e+02
3.170000000000000000e+02 6.570000000000000000e+02
3.170000000000000000e+02 6.570000000000000000e+02
3.170000000000000000e+02 6.570000000000000000e+02
3.170000000000000000e+02 6.571399796590322921e+02
3.170000000000000000e+02 6.573509494966566535e+02
3.170000000000000000e+02 6.575619193342810149e+02
3.170000000000000000e+02 6.577728891719053763e+02
3.170000000000000000e+02 6.579838590095296240e+02
3.170000000000000000e+02 6.580000000000000000e+02
3.170000000000000000e+02 6.600000000000000000e+02
3.170000000000000000e+02 6.610000000000000000e+02
3.170000000000000000e+02 6.620000000000000000e+02
3.170000000000000000e+02 6.620000000000000000e+02
3.170000000000000000e+02 6.620000000000000000e+02
3.170000000000000000e+02 6.620000000000000000e+02
3.170000000000000000e+02 6.620000000000000000e+02
3.170000000000000000e+02 6.610000000000000000e+02
3.170000000000000000e+02 6.610000000000000000e+02
3.170000000000000000e+02 6.610000000000000000e+02
3.170000000000000000e+02 6.610000000000000000e+02
3.170000000000000000e+02 6.610000000000000000e+02
3.170000000000000000e+02 6.610000000000000000e+02
3.170000000000000000e+02 6.610000000000000000e+02
3.170000000000000000e+02 6.610000000000000000e+02
3.170000000000000000e+02 6.610000000000000000e+02
3.160000000000000000e+02 6.610000000000000000e+02
2.998886439865807461e+02 6.710000000000000000e+02
2.648859049737803844e+02 6.880000000000000000e+02
2.098840586622110607e+02 7.070000000000000000e+02
1.659430853600374292e+02 7.210000000000000000e+02
1.539188653174016110e+02 7.296973616191180554e+02
1.499426663486749476e+02 7.360573336513250524e+02
1.430000000000000000e+02 7.450512637100620168e+02
1.360000000000000000e+02 7.595511026344042875e+02
1.286326764144941137e+02 7.683673235855059147e+02
1.219486892278331993e+02 7.750000000000000000e+02
1.174553277711547139e+02 7.810000000000000000e+02
1.170000000000000000e+02 7.830000000000000000e+02
1.140000000000000000e+02 7.870000000000000000e+02
1.130000000000000000e+02 7.890000000000000000e+02
1.120000000000000000e+02 7.890000000000000000e+02
1.120000000000000000e+02 7.890000000000000000e+02
1.120000000000000000e+02 7.890000000000000000e+02
1.120000000000000000e+02 7.890000000000000000e+02
1.120000000000000000e+02 7.890000000000000000e+02
1.120000000000000000e+02 7.890000000000000000e+02
1.120000000000000000e+02 7.890000000000000000e+02
1.120000000000000000e+02 7.890000000000000000e+02
1.120000000000000000e+02 7.890000000000000000e+02
1.130000000000000000e+02 7.890000000000000000e+02
1.340425403386096264e+02 7.809787298306952152e+02
1.905989042401185998e+02 7.444010957598814002e+02
2.557016763327242472e+02 6.892983236672757812e+02
2.700000000000000000e+02 6.699738456031478790e+02
2.845257545031618633e+02 6.484742454968380798e+02
3.030000000000000000e+02 6.229731172545252775e+02
3.160000000000000000e+02 5.984730306280524701e+02
3.229639923532020021e+02 5.769030324988915481e+02
3.260000000000000000e+02 5.623193479125234262e+02
3.280000000000000000e+02 5.520000000000000000e+02
3.290000000000000000e+02 5.420000000000000000e+02
3.310000000000000000e+02 5.320000000000000000e+02
3.335155057251908488e+02 5.220000000000000000e+02
3.360000000000000000e+02 5.129840028608871307e+02
3.380000000000000000e+02 4.990000000000000000e+02
3.360000000000000000e+02 4.920000000000000000e+02
3.340000000000000000e+02 4.920000000000000000e+02
3.330000000000000000e+02 4.900000000000000000e+02
3.320000000000000000e+02 4.890000000000000000e+02
3.310000000000000000e+02 4.870000000000000000e+02
3.310000000000000000e+02 4.860000000000000000e+02
3.310000000000000000e+02 4.830000000000000000e+02
3.310000000000000000e+02 4.830000000000000000e+02
3.320035990942698163e+02 4.820000000000000000e+02
3.340000000000000000e+02 4.810000000000000000e+02
3.360000000000000000e+02 4.810000000000000000e+02
3.380000000000000000e+02 4.810000000000000000e+02
3.380000000000000000e+02 4.810000000000000000e+02
3.380000000000000000e+02 4.810000000000000000e+02
3.390000000000000000e+02 4.810000000000000000e+02
3.390000000000000000e+02 4.800000000000000000e+02
3.400000000000000000e+02 4.790000000000000000e+02
3.400000000000000000e+02 4.790000000000000000e+02
3.390091493924210226e+02 4.780000000000000000e+02
3.380000000000000000e+02 4.780000000000000000e+02
3.380000000000000000e+02 4.780000000000000000e+02
3.380000000000000000e+02 4.780000000000000000e+02
3.370000000000000000e+02 4.780000000000000000e+02
3.370000000000000000e+02 4.780000000000000000e+02
3.370000000000000000e+02 4.780000000000000000e+02
3.370000000000000000e+02 4.780000000000000000e+02
3.370000000000000000e+02 4.780000000000000000e+02
3.370000000000000000e+02 4.780000000000000000e+02
3.370000000000000000e+02 4.780000000000000000e+02
3.370000000000000000e+02 4.780000000000000000e+02
3.370000000000000000e+02 4.780000000000000000e+02
3.370000000000000000e+02 4.780000000000000000e+02
3.370000000000000000e+02 4.780000000000000000e+02
3.370000000000000000e+02 4.780000000000000000e+02
3.370000000000000000e+02 4.780000000000000000e+02
3.370000000000000000e+02 4.780000000000000000e+02
3.409740439770568514e+02 4.730259560229431486e+02
3.602918751489158922e+02 4.580000000000000000e+02
3.830000000000000000e+02 4.400000000000000000e+02
4.264101395681757936e+02 4.085299534772747165e+02
4.709382086708013162e+02 3.860000000000000000e+02
5.339600286191285932e+02 3.690399713808714637e+02
5.430000000000000000e+02 3.660000000000000000e+02
5.450000000000000000e+02 3.650000000000000000e+02
5.430000000000000000e+02 3.650000000000000000e+02
5.400000000000000000e+02 3.650000000000000000e+02
5.127207883026045465e+02 3.600000000000000000e+02
4.688091228137099620e+02 3.467241126094336892e+02
4.081180668257692332e+02 3.360000000000000000e+02
3.660000000000000000e+02 3.310000000000000000e+02
3.640000000000000000e+02 3.310000000000000000e+02
3.600000000000000000e+02 3.280000000000000000e+02
3.530000000000000000e+02 3.230000000000000000e+02
3.405467524728854869e+02 3.180000000000000000e+02
3.240000000000000000e+02 3.096974411951679826e+02
3.210000000000000000e+02 3.090000000000000000e+02
3.210000000000000000e+02 3.090000000000000000e+02
3.130743034055727776e+02 3.020743034055727776e+02
3.120000000000000000e+02 3.020000000000000000e+02
3.120000000000000000e+02 3.020000000000000000e+02
3.120000000000000000e+02 3.020000000000000000e+02
3.120000000000000000e+02 3.020000000000000000e+02
3.120000000000000000e+02 3.010000000000000000e+02
3.110000000000000000e+02 2.965741804744286583e+02
3.100000000000000000e+02 2.940000000000000000e+02
3.100000000000000000e+02 2.900494596312759086e+02
3.100000000000000000e+02 2.900000000000000000e+02
3.100000000000000000e+02 2.900000000000000000e+02
3.100000000000000000e+02 2.900000000000000000e+02
3.100000000000000000e+02 2.900000000000000000e+02
3.100000000000000000e+02 2.900000000000000000e+02
3.100000000000000000e+02 2.900000000000000000e+02
3.100000000000000000e+02 2.900000000000000000e+02
3.100000000000000000e+02 2.940000000000000000e+02
3.105740851631598503e+02 3.008704258157993650e+02
3.286840671192788363e+02 3.105157285256934756e+02
4.766530294608181748e+02 3.359504327801168984e+02
5.967042690197948787e+02 3.564260672549487481e+02
6.807032872796654601e+02 3.700000000000000000e+02
7.394255872183147176e+02 3.790000000000000000e+02
7.610000000000000000e+02 3.820000000000000000e+02
7.620000000000000000e+02 3.820000000000000000e+02
7.704256257449344503e+02 3.848512514898689005e+02
7.840000000000000000e+02 3.984257180312260402e+02
7.940000000000000000e+02 4.140000000000000000e+02
8.040000000000000000e+02 4.250000000000000000e+02
8.240000000000000000e+02 4.390000000000000000e+02
8.330000000000000000e+02 4.440000000000000000e+02
8.390000000000000000e+02 4.490000000000000000e+02
8.430000000000000000e+02 4.500000000000000000e+02
8.440000000000000000e+02 4.520000000000000000e+02
8.490000000000000000e+02 4.520000000000000000e+02
8.550000000000000000e+02 4.530000000000000000e+02
8.600000000000000000e+02 4.530000000000000000e+02
8.620000000000000000e+02 4.530000000000000000e+02
8.640000000000000000e+02 4.520000000000000000e+02
8.640000000000000000e+02 4.520000000000000000e+02
8.670000000000000000e+02 4.520000000000000000e+02
8.670000000000000000e+02 4.520000000000000000e+02
8.670000000000000000e+02 4.520000000000000000e+02
8.670000000000000000e+02 4.520000000000000000e+02
8.670000000000000000e+02 4.520000000000000000e+02
8.670000000000000000e+02 4.520000000000000000e+02
8.670000000000000000e+02 4.520000000000000000e+02
8.670000000000000000e+02 4.520000000000000000e+02
8.670000000000000000e+02 4.520000000000000000e+02
8.670000000000000000e+02 4.520000000000000000e+02
8.670000000000000000e+02 4.520000000000000000e+02
8.670000000000000000e+02 4.520000000000000000e+02
8.670000000000000000e+02 4.520000000000000000e+02
