1.571000000000000000e+03 1.910000000000000000e+02
1.568108956293288657e+03 1.920841413900167254e+02
1.554000000000000000e+03 1.990000000000000000e+02
1.531000000000000000e+03 2.090000000000000000e+02
1.455000000000000000e+03 2.280000000000000000e+02
1.374196638655462266e+03 2.418290516206482721e+02
1.339000000000000000e+03 2.460000000000000000e+02
1.339000000000000000e+03 2.460000000000000000e+02
1.324000000000000000e+03 2.520000000000000000e+02
1.269000000000000000e+03 2.790000000000000000e+02
1.213000000000000000e+03 3.160000000000000000e+02
1.161000000000000000e+03 3.440000000000000000e+02
1.135000000000000000e+03 3.560000000000000000e+02
1.079000000000000000e+03 3.790000000000000000e+02
1.046744076281286880e+03 4.005050774731827801e+02
1.031000000000000000e+03 4.160000000000000000e+02
1.025000000000000000e+03 4.210000000000000000e+02
1.024000000000000000e+03 4.220000000000000000e+02
1.000000000000000000e+03 4.420000000000000000e+02
9.920000000000000000e+02 4.490000000000000000e+02
9.920000000000000000e+02 4.500000000000000000e+02
9.890000000000000000e+02 4.550000000000000000e+02
9.880000000000000000e+02 4.580000000000000000e+02
9.880000000000000000e+02 4.580000000000000000e+02
9.880000000000000000e+02 4.580000000000000000e+02
9.880000000000000000e+02 4.580000000000000000e+02
9.880000000000000000e+02 4.580000000000000000e+02
9.880000000000000000e+02 4.580000000000000000e+02
9.870000000000000000e+02 4.580000000000000000e+02
9.850000000000000000e+02 4.580000000000000000e+02
9.850000000000000000e+02 4.580000000000000000e+02
9.850000000000000000e+02 4.580000000000000000e+02
9.850000000000000000e+02 4.580000000000000000e+02
9.850000000000000000e+02 4.580000000000000000e+02
9.850000000000000000e+02 4.580000000000000000e+02
9.850000000000000000e+02 4.580000000000000000e+02
9.850000000000000000e+02 4.580000000000000000e+02
9.850000000000000000e+02 4.580000000000000000e+02
9.730000000000000000e+02 4.300000000000000000e+02
9.440000000000000000e+02 3.780000000000000000e+02
9.060000000000000000e+02 3.190000000000000000e+02
8.840000000000000000e+02 2.880000000000000000e+02
8.710000000000000000e+02 2.740000000000000000e+02
8.600000000000000000e+02 2.610000000000000000e+02
8.430000000000000000e+02 2.430000000000000000e+02
8.352391226606270038e+02 2.340000000000000000e+02
8.310000000000000000e+02 2.280000000000000000e+02
8.084374821173101964e+02 2.021979017644251542e+02
7.890000000000000000e+02 1.820000000000000000e+02
7.700000000000000000e+02 1.650000000000000000e+02
7.610000000000000000e+02 1.520000000000000000e+02
7.540000000000000000e+02 1.390000000000000000e+02
7.470000000000000000e+02 1.300000000000000000e+02
7.460000000000000000e+02 1.290000000000000000e+02
7.460000000000000000e+02 1.290000000000000000e+02
7.460000000000000000e+02 1.290000000000000000e+02
7.460000000000000000e+02 1.296458860004772475e+02
7.470000000000000000e+02 1.310000000000000000e+02
7.480000000000000000e+02 1.390000000000000000e+02
7.480000000000000000e+02 1.400000000000000000e+02
7.480000000000000000e+02 1.420000000000000000e+02
7.480000000000000000e+02 1.420000000000000000e+02
7.480000000000000000e+02 1.420000000000000000e+02
7.490000000000000000e+02 1.450000000000000000e+02
7.510000000000000000e+02 1.490000000000000000e+02
7.510000000000000000e+02 1.520000000000000000e+02
7.510000000000000000e+02 1.520000000000000000e+02
7.510000000000000000e+02 1.520000000000000000e+02
7.510000000000000000e+02 1.520000000000000000e+02
7.510000000000000000e+02 1.520000000000000000e+02
7.510000000000000000e+02 1.520000000000000000e+02
7.510000000000000000e+02 1.520000000000000000e+02
7.510000000000000000e+02 1.520000000000000000e+02
7.510000000000000000e+02 1.520000000000000000e+02
7.510000000000000000e+02 1.520000000000000000e+02
7.460000000000000000e+02 1.580000000000000000e+02
7.380000000000000000e+02 1.710000000000000000e+02
7.060000000000000000e+02 2.110000000000000000e+02
6.640000000000000000e+02 2.600000000000000000e+02
5.980000000000000000e+02 3.430000000000000000e+02
5.520000000000000000e+02 4.160000000000000000e+02
5.430000000000000000e+02 4.490000000000000000e+02
5.320000000000000000e+02 4.820000000000000000e+02
5.260000000000000000e+02 4.970000000000000000e+02
5.190000000000000000e+02 5.130000000000000000e+02
5.070000000000000000e+02 5.380000000000000000e+02
4.970000000000000000e+02 5.540000000000000000e+02
4.960000000000000000e+02 5.580000000000000000e+02
4.930000000000000000e+02 5.660000000000000000e+02
4.850000000000000000e+02 5.770000000000000000e+02
4.720000000000000000e+02 5.890000000000000000e+02
4.623544219308702736e+02 5.968227890345648348e+02
4.610000000000000000e+02 5.970000000000000000e+02
4.520000000000000000e+02 6.020000000000000000e+02
4.440000000000000000e+02 6.070000000000000000e+02
4.410000000000000000e+02 6.100000000000000000e+02
4.410000000000000000e+02 6.100000000000000000e+02
4.410000000000000000e+02 6.100000000000000000e+02
4.410000000000000000e+02 6.100000000000000000e+02
4.410000000000000000e+02 6.100000000000000000e+02
4.410000000000000000e+02 6.100000000000000000e+02
4.440000000000000000e+02 6.060000000000000000e+02
4.450000000000000000e+02 6.060000000000000000e+02
4.450000000000000000e+02 6.060000000000000000e+02
4.450000000000000000e+02 6.060000000000000000e+02
4.450000000000000000e+02 6.060000000000000000e+02
4.450000000000000000e+02 6.060000000000000000e+02
4.450000000000000000e+02 6.060000000000000000e+02
4.450000000000000000e+02 6.060000000000000000e+02
4.450000000000000000e+02 6.053508956293286474e+02
4.300000000000000000e+02 5.960000000000000000e+02
3.830000000000000000e+02 6.050000000000000000e+02
3.370000000000000000e+02 6.300000000000000000e+02
2.760000000000000000e+02 6.760000000000000000e+02
2.480000000000000000e+02 7.000000000000000000e+02
2.240000000000000000e+02 7.170000000000000000e+02
2.020000000000000000e+02 7.300000000000000000e+02
1.790000000000000000e+02 7.410000000000000000e+02
1.600000000000000000e+02 7.500000000000000000e+02
1.380000000000000000e+02 7.590000000000000000e+02
1.321090584028605406e+02 7.620000000000000000e+02
1.160000000000000000e+02 7.640000000000000000e+02
9.344805737231554588e+01 7.650250883012583927e+02
7.795761808194882292e+01 7.657291991780932676e+02
7.200000000000000000e+01 7.660000000000000000e+02
6.200000000000000000e+01 7.650000000000000000e+02
6.100000000000000000e+01 7.650000000000000000e+02
5.861494280266894208e+01 7.640000000000000000e+02
3.900000000000000000e+01 7.630000000000000000e+02
2.500000000000000000e+01 7.630000000000000000e+02
2.500000000000000000e+01 7.630000000000000000e+02
2.500000000000000000e+01 7.630000000000000000e+02
2.500000000000000000e+01 7.630000000000000000e+02
2.500000000000000000e+01 7.630000000000000000e+02
2.400000000000000000e+01 7.620000000000000000e+02
2.300000000000000000e+01 7.620000000000000000e+02
2.200000000000000000e+01 7.620000000000000000e+02
2.000000000000000000e+01 7.620000000000000000e+02
1.900000000000000000e+01 7.620000000000000000e+02
1.900000000000000000e+01 7.620000000000000000e+02
1.900000000000000000e+01 7.620000000000000000e+02
1.900000000000000000e+01 7.620000000000000000e+02
1.900000000000000000e+01 7.620000000000000000e+02
1.900000000000000000e+01 7.620000000000000000e+02
1.900000000000000000e+01 7.620000000000000000e+02
4.300000000000000000e+01 7.460000000000000000e+02
1.230000000000000000e+02 6.760000000000000000e+02
2.175054489090306618e+02 5.807985930606830607e+02
2.940000000000000000e+02 4.840000000000000000e+02
3.777376251788298873e+02 3.824263233190236519e+02
4.530000000000000000e+02 3.030000000000000000e+02
5.030000000000000000e+02 2.490000000000000000e+02
5.230000000000000000e+02 2.330000000000000000e+02
5.510000000000000000e+02 2.130000000000000000e+02
5.850000000000000000e+02 1.860000000000000000e+02
6.170000000000000000e+02 1.650000000000000000e+02
6.380000000000000000e+02 1.490000000000000000e+02
6.550000000000000000e+02 1.260000000000000000e+02
6.580000000000000000e+02 1.110000000000000000e+02
6.640000000000000000e+02 9.900000000000000000e+01
6.712787315212208341e+02 9.044253695755841704e+01
6.820000000000000000e+02 7.900000000000000000e+01
6.936395091147383027e+02 6.736049088526171147e+01
6.960000000000000000e+02 6.600000000000000000e+01
6.970000000000000000e+02 6.600000000000000000e+01
6.990000000000000000e+02 6.600000000000000000e+01
7.040000000000000000e+02 6.600000000000000000e+01
7.040000000000000000e+02 6.600000000000000000e+01
7.040000000000000000e+02 6.800000000000000000e+01
7.040000000000000000e+02 6.800000000000000000e+01
7.040000000000000000e+02 6.900000000000000000e+01
7.080000000000000000e+02 7.300000000000000000e+01
7.080000000000000000e+02 7.300000000000000000e+01
7.080000000000000000e+02 7.300000000000000000e+01
7.080000000000000000e+02 7.300000000000000000e+01
7.080000000000000000e+02 7.300000000000000000e+01
7.080000000000000000e+02 7.300000000000000000e+01
7.080000000000000000e+02 7.300000000000000000e+01
7.080000000000000000e+02 7.300000000000000000e+01
7.080000000000000000e+02 7.300000000000000000e+01
6.550000000000000000e+02 1.360000000000000000e+02
5.830000000000000000e+02 2.150000000000000000e+02
5.372134509897483667e+02 2.637865490102516333e+02
4.950000000000000000e+02 3.000000000000000000e+02
4.683282955899816784e+02 3.148358522050091324e+02
4.350000000000000000e+02 3.320000000000000000e+02
4.160000000000000000e+02 3.410000000000000000e+02
4.120000000000000000e+02 3.430000000000000000e+02
4.100000000000000000e+02 3.440000000000000000e+02
4.080000000000000000e+02 3.430000000000000000e+02
4.050000000000000000e+02 3.410000000000000000e+02
4.020000000000000000e+02 3.360000000000000000e+02
4.020000000000000000e+02 3.360000000000000000e+02
4.062780266920880763e+02 3.340000000000000000e+02
4.170000000000000000e+02 3.350000000000000000e+02
4.236392993326978171e+02 3.333607006673021829e+02
4.260000000000000000e+02 3.290000000000000000e+02
4.260000000000000000e+02 3.270000000000000000e+02
4.260000000000000000e+02 3.270000000000000000e+02
4.260000000000000000e+02 3.270000000000000000e+02
4.260000000000000000e+02 3.270000000000000000e+02
4.250000000000000000e+02 3.260000000000000000e+02
4.240000000000000000e+02 3.260000000000000000e+02
4.230000000000000000e+02 3.260000000000000000e+02
4.229624515149712920e+02 3.259812257574856744e+02
4.214954654038116360e+02 3.252477327019058180e+02
4.210000000000000000e+02 3.250000000000000000e+02
4.180000000000000000e+02 3.250000000000000000e+02
4.180000000000000000e+02 3.250000000000000000e+02
4.180000000000000000e+02 3.250000000000000000e+02
4.180000000000000000e+02 3.250000000000000000e+02
4.180000000000000000e+02 3.250000000000000000e+02
4.180000000000000000e+02 3.250000000000000000e+02
4.180000000000000000e+02 3.250000000000000000e+02
4.330000000000000000e+02 3.310000000000000000e+02
4.902349577028476233e+02 3.385565352079113381e+02
5.880000000000000000e+02 3.420000000000000000e+02
7.044611826418878309e+02 3.440000000000000000e+02
7.820000000000000000e+02 3.460000000000000000e+02
7.940000000000000000e+02 3.470000000000000000e+02
8.100000000000000000e+02 3.460000000000000000e+02
8.250000000000000000e+02 3.450000000000000000e+02
8.430000000000000000e+02 3.440000000000000000e+02
8.530000000000000000e+02 3.440000000000000000e+02
8.601131823599533845e+02 3.440565911799766923e+02
8.690000000000000000e+02 3.620000000000000000e+02
8.700000000000000000e+02 3.700000000000000000e+02
8.700000000000000000e+02 3.700000000000000000e+02
8.690000000000000000e+02 3.700000000000000000e+02
8.643230262045644849e+02 3.700000000000000000e+02
8.584138912369681975e+02 3.700000000000000000e+02
8.560000000000000000e+02 3.700000000000000000e+02
8.540000000000000000e+02 3.710000000000000000e+02
8.540000000000000000e+02 3.710000000000000000e+02
8.530000000000000000e+02 3.710000000000000000e+02
8.480000000000000000e+02 3.710000000000000000e+02
8.470000000000000000e+02 3.710000000000000000e+02
8.470000000000000000e+02 3.710000000000000000e+02
8.470000000000000000e+02 3.710000000000000000e+02
8.470000000000000000e+02 3.710000000000000000e+02
8.470000000000000000e+02 3.710000000000000000e+02
8.470000000000000000e+02 3.710000000000000000e+02
8.470000000000000000e+02 3.710000000000000000e+02
8.470000000000000000e+02 3.710000000000000000e+02
8.330000000000000000e+02 3.770000000000000000e+02
7.730000000000000000e+02 4.120000000000000000e+02
6.410000000000000000e+02 4.740000000000000000e+02
5.447981878874355743e+02 5.143382927992469149e+02
4.790000000000000000e+02 5.380000000000000000e+02
4.090000000000000000e+02 5.620000000000000000e+02
3.620000000000000000e+02 5.770000000000000000e+02
3.230000000000000000e+02 5.920000000000000000e+02
2.890000000000000000e+02 6.030000000000000000e+02
2.280000000000000000e+02 6.160000000000000000e+02
2.000000000000000000e+02 6.240000000000000000e+02
1.850000000000000000e+02 6.300000000000000000e+02
1.830000000000000000e+02 6.310000000000000000e+02
1.740000000000000000e+02 6.370000000000000000e+02
1.562441615667071062e+02 6.460000000000000000e+02
1.550000000000000000e+02 6.470000000000000000e+02
1.420000000000000000e+02 6.510000000000000000e+02
1.228581410029406271e+02 6.590945726647062202e+02
1.157127801678035155e+02 6.640000000000000000e+02
1.090000000000000000e+02 6.670000000000000000e+02
1.000000000000000000e+02 6.720000000000000000e+02
9.300000000000000000e+01 6.740000000000000000e+02
8.300000000000000000e+01 6.790000000000000000e+02
8.100000000000000000e+01 6.790000000000000000e+02
7.900000000000000000e+01 6.790000000000000000e+02
7.862489159732749044e+01 6.790000000000000000e+02
7.700000000000000000e+01 6.790000000000000000e+02
7.600000000000000000e+01 6.790000000000000000e+02
7.600000000000000000e+01 6.790000000000000000e+02
7.600000000000000000e+01 6.790000000000000000e+02
7.800000000000000000e+01 6.790000000000000000e+02
7.800000000000000000e+01 6.790000000000000000e+02
8.100000000000000000e+01 6.790000000000000000e+02
8.600000000000000000e+01 6.740000000000000000e+02
1.020000000000000000e+02 6.320000000000000000e+02
1.150000000000000000e+02 5.580000000000000000e+02
1.107884569520629583e+02 4.889422847603148057e+02
1.070000000000000000e+02 4.400000000000000000e+02
1.062641319942596994e+02 4.035847919655581677e+02
1.010000000000000000e+02 3.880000000000000000e+02
9.400000000000000000e+01 3.680000000000000000e+02
8.700000000000000000e+01 3.470000000000000000e+02
8.332984170760067855e+01 3.378725946354697953e+02
8.133086606467678337e+01 3.285440416351582940e+02
8.100000000000000000e+01 3.270000000000000000e+02
7.300000000000000000e+01 3.100000000000000000e+02
7.200000000000000000e+01 3.080000000000000000e+02
6.863282124568262077e+01 2.998984637370479049e+02
6.700000000000000000e+01 2.860000000000000000e+02
6.500000000000000000e+01 2.770000000000000000e+02
6.300000000000000000e+01 2.750000000000000000e+02
5.900000000000000000e+01 2.730000000000000000e+02
5.700000000000000000e+01 2.730000000000000000e+02
5.400000000000000000e+01 2.710000000000000000e+02
5.200000000000000000e+01 2.690000000000000000e+02
5.100000000000000000e+01 2.680000000000000000e+02
5.100000000000000000e+01 2.680000000000000000e+02
4.900000000000000000e+01 2.680000000000000000e+02
4.700000000000000000e+01 2.650000000000000000e+02
4.700000000000000000e+01 2.650000000000000000e+02
4.700000000000000000e+01 2.650000000000000000e+02
4.700000000000000000e+01 2.650000000000000000e+02
4.700000000000000000e+01 2.650000000000000000e+02
4.700000000000000000e+01 2.650000000000000000e+02
4.700000000000000000e+01 2.650000000000000000e+02
4.700000000000000000e+01 2.650000000000000000e+02
4.700000000000000000e+01 2.650000000000000000e+02
5.800000000000000000e+01 2.790000000000000000e+02
8.400000000000000000e+01 3.200000000000000000e+02
1.062870621872776979e+02 3.595741243745553675e+02
1.120000000000000000e+02 3.720000000000000000e+02
1.120000000000000000e+02 3.720000000000000000e+02
1.120000000000000000e+02 3.720000000000000000e+02
1.070000000000000000e+02 3.830000000000000000e+02
1.050000000000000000e+02 3.867150024515975133e+02
1.050000000000000000e+02 3.880000000000000000e+02
1.050000000000000000e+02 3.880000000000000000e+02
1.050000000000000000e+02 3.880000000000000000e+02
1.050000000000000000e+02 3.880000000000000000e+02
1.050000000000000000e+02 3.880000000000000000e+02
1.050000000000000000e+02 3.880000000000000000e+02
1.050000000000000000e+02 3.890000000000000000e+02
1.050000000000000000e+02 3.910000000000000000e+02
1.040000000000000000e+02 3.930000000000000000e+02
1.010000000000000000e+02 3.970000000000000000e+02
1.010000000000000000e+02 3.970000000000000000e+02
1.010000000000000000e+02 3.970000000000000000e+02
1.010000000000000000e+02 3.970000000000000000e+02
1.010000000000000000e+02 3.970000000000000000e+02
1.010000000000000000e+02 3.970000000000000000e+02
1.010000000000000000e+02 3.970000000000000000e+02
1.010000000000000000e+02 3.970000000000000000e+02
1.010000000000000000e+02 3.970000000000000000e+02
1.010000000000000000e+02 3.970000000000000000e+02
1.010000000000000000e+02 3.970000000000000000e+02
1.130000000000000000e+02 3.950000000000000000e+02
1.440000000000000000e+02 3.840000000000000000e+02
2.148768619921674485e+02 3.562157821979875507e+02
2.510000000000000000e+02 3.430000000000000000e+02
4.020000000000000000e+02 3.010000000000000000e+02
4.400000000000000000e+02 2.820000000000000000e+02
4.450000000000000000e+02 2.770000000000000000e+02
4.492978053435128913e+02 2.737021946564871087e+02
4.570000000000000000e+02 2.660000000000000000e+02
4.634722546798648750e+02 2.610000000000000000e+02
4.810000000000000000e+02 2.500000000000000000e+02
4.950000000000000000e+02 2.410000000000000000e+02
5.000000000000000000e+02 2.380000000000000000e+02
5.060000000000000000e+02 2.360000000000000000e+02
5.140000000000000000e+02 2.320000000000000000e+02
5.190000000000000000e+02 2.290000000000000000e+02
5.260000000000000000e+02 2.260000000000000000e+02
5.300000000000000000e+02 2.250000000000000000e+02
5.300000000000000000e+02 2.250000000000000000e+02
5.300000000000000000e+02 2.250000000000000000e+02
5.300000000000000000e+02 2.240000000000000000e+02
5.300000000000000000e+02 2.230000000000000000e+02
5.300000000000000000e+02 2.230000000000000000e+02
5.300000000000000000e+02 2.230000000000000000e+02
5.300000000000000000e+02 2.190000000000000000e+02
5.300000000000000000e+02 2.190000000000000000e+02
5.300000000000000000e+02 2.180000000000000000e+02
5.300000000000000000e+02 2.170000000000000000e+02
5.310000000000000000e+02 2.170000000000000000e+02
5.310000000000000000e+02 2.170000000000000000e+02
5.310000000000000000e+02 2.170000000000000000e+02
5.310000000000000000e+02 2.170000000000000000e+02
5.310000000000000000e+02 2.170000000000000000e+02
5.310000000000000000e+02 2.170000000000000000e+02
5.330000000000000000e+02 2.160000000000000000e+02
5.330000000000000000e+02 2.150000000000000000e+02
5.330000000000000000e+02 2.150000000000000000e+02
5.330000000000000000e+02 2.150000000000000000e+02
5.320000000000000000e+02 2.170000000000000000e+02
5.152534606205143746e+02 2.282986157517942445e+02
4.890000000000000000e+02 2.320000000000000000e+02
4.329252503576537947e+02 2.155500715307582311e+02
3.240000000000000000e+02 1.860000000000000000e+02
2.480000000000000000e+02 1.660000000000000000e+02
2.470000000000000000e+02 1.660000000000000000e+02
2.230000000000000000e+02 1.610000000000000000e+02
1.910000000000000000e+02 1.460000000000000000e+02
1.690000000000000000e+02 1.360000000000000000e+02
1.610000000000000000e+02 1.330000000000000000e+02
1.360000000000000000e+02 1.210000000000000000e+02
1.249252742012384516e+02 1.169252742012384516e+02
1.220000000000000000e+02 1.120000000000000000e+02
1.198540427509286701e+02 1.110000000000000000e+02
1.110000000000000000e+02 1.090000000000000000e+02
1.000000000000000000e+02 1.050000000000000000e+02
9.800000000000000000e+01 1.040000000000000000e+02
9.410920464700625132e+01 1.025546023235031328e+02
9.116939213934006148e+01 1.010846960696700307e+02
8.700000000000000000e+01 1.010000000000000000e+02
8.500000000000000000e+01 1.010000000000000000e+02
8.500000000000000000e+01 1.010000000000000000e+02
8.500000000000000000e+01 1.010000000000000000e+02
8.500000000000000000e+01 1.000000000000000000e+02
8.400000000000000000e+01 1.000000000000000000e+02
8.300000000000000000e+01 1.000000000000000000e+02
8.300000000000000000e+01 1.000000000000000000e+02
8.300000000000000000e+01 9.800000000000000000e+01
8.300000000000000000e+01 9.800000000000000000e+01
8.300000000000000000e+01 9.800000000000000000e+01
8.400000000000000000e+01 1.000000000000000000e+02
9.700000000000000000e+01 1.110000000000000000e+02
1.150000000000000000e+02 1.270000000000000000e+02
1.428887508956335921e+02 1.414443754478168103e+02
1.650000000000000000e+02 1.550000000000000000e+02
1.820000000000000000e+02 1.690000000000000000e+02
1.980000000000000000e+02 1.790000000000000000e+02
2.240000000000000000e+02 1.880000000000000000e+02
2.390000000000000000e+02 1.910000000000000000e+02
2.480000000000000000e+02 1.930000000000000000e+02
2.540000000000000000e+02 1.940000000000000000e+02
2.580000000000000000e+02 1.940000000000000000e+02
2.660000000000000000e+02 1.950000000000000000e+02
2.700000000000000000e+02 1.950000000000000000e+02
2.720000000000000000e+02 1.930000000000000000e+02
2.720000000000000000e+02 1.930000000000000000e+02
2.720000000000000000e+02 1.930000000000000000e+02
2.720000000000000000e+02 1.930000000000000000e+02
2.720000000000000000e+02 1.930000000000000000e+02
2.720000000000000000e+02 1.930000000000000000e+02
2.730000000000000000e+02 1.840000000000000000e+02
2.730000000000000000e+02 1.840000000000000000e+02
2.730000000000000000e+02 1.840000000000000000e+02
2.720000000000000000e+02 1.830000000000000000e+02
2.710000000000000000e+02 1.830000000000000000e+02
2.710000000000000000e+02 1.820000000000000000e+02
2.710000000000000000e+02 1.820000000000000000e+02
2.710000000000000000e+02 1.820000000000000000e+02
2.710000000000000000e+02 1.820000000000000000e+02
2.710000000000000000e+02 1.820000000000000000e+02
2.710000000000000000e+02 1.820000000000000000e+02
2.710000000000000000e+02 1.820000000000000000e+02
2.700000000000000000e+02 1.840000000000000000e+02
2.700000000000000000e+02 1.840000000000000000e+02
2.700000000000000000e+02 1.840000000000000000e+02
2.700000000000000000e+02 1.840000000000000000e+02
2.700000000000000000e+02 1.840000000000000000e+02
2.700000000000000000e+02 1.840000000000000000e+02
2.700000000000000000e+02 1.840000000000000000e+02
2.700000000000000000e+02 1.840000000000000000e+02
2.700000000000000000e+02 1.840000000000000000e+02
2.700000000000000000e+02 1.840000000000000000e+02
2.744002800590394600e+02 1.913338000983991094e+02
2.760000000000000000e+02 1.940000000000000000e+02
3.890000000000000000e+02 2.480000000000000000e+02
4.160000000000000000e+02 2.600000000000000000e+02
4.380000000000000000e+02 2.830000000000000000e+02
4.610000000000000000e+02 3.180000000000000000e+02
4.790000000000000000e+02 3.380000000000000000e+02
5.140000000000000000e+02 3.710000000000000000e+02
5.500000000000000000e+02 4.030000000000000000e+02
5.740000000000000000e+02 4.270000000000000000e+02
5.841367317770366299e+02 4.362734635540733734e+02
5.940000000000000000e+02 4.500000000000000000e+02
6.120000000000000000e+02 4.700000000000000000e+02
6.390000000000000000e+02 4.910000000000000000e+02
6.700000000000000000e+02 5.060000000000000000e+02
6.830000000000000000e+02 5.160000000000000000e+02
6.880000000000000000e+02 5.210000000000000000e+02
6.940000000000000000e+02 5.280000000000000000e+02
7.210000000000000000e+02 5.580000000000000000e+02
7.425736107711254590e+02 5.782868053855627295e+02
7.510000000000000000e+02 5.860000000000000000e+02
7.540000000000000000e+02 5.870000000000000000e+02
7.610000000000000000e+02 5.930000000000000000e+02
7.730000000000000000e+02 6.010000000000000000e+02
7.760000000000000000e+02 6.040000000000000000e+02
7.830000000000000000e+02 6.080000000000000000e+02
7.850000000000000000e+02 6.100000000000000000e+02
7.876728559713936875e+02 6.116691423885574750e+02
7.908693539487684347e+02 6.129477415795073512e+02
7.950000000000000000e+02 6.160000000000000000e+02
7.980000000000000000e+02 6.170000000000000000e+02
7.980000000000000000e+02 6.170000000000000000e+02
7.990000000000000000e+02 6.170000000000000000e+02
7.999122953407838850e+02 6.179122953407838850e+02
8.000000000000000000e+02 6.180000000000000000e+02
8.000000000000000000e+02 6.180000000000000000e+02
8.000000000000000000e+02 6.170032702035051670e+02
8.000000000000000000e+02 6.170000000000000000e+02
8.000000000000000000e+02 6.170000000000000000e+02
8.000000000000000000e+02 6.170000000000000000e+02
8.000000000000000000e+02 6.170000000000000000e+02
8.000000000000000000e+02 6.170000000000000000e+02
7.840000000000000000e+02 5.960000000000000000e+02
7.528903010033295686e+02 5.689138079311875345e+02
6.250000000000000000e+02 5.040000000000000000e+02
4.990000000000000000e+02 4.530000000000000000e+02
4.470000000000000000e+02 4.280000000000000000e+02
3.910000000000000000e+02 3.970000000000000000e+02
3.490000000000000000e+02 3.710000000000000000e+02
2.990000000000000000e+02 3.500000000000000000e+02
2.720000000000000000e+02 3.350000000000000000e+02
2.300000000000000000e+02 3.130000000000000000e+02
1.920000000000000000e+02 2.910000000000000000e+02
1.690000000000000000e+02 2.710000000000000000e+02
1.542705581013401854e+02 2.659082232405360742e+02
1.470000000000000000e+02 2.630000000000000000e+02
1.376753605912497278e+02 2.593376802956248639e+02
1.220000000000000000e+02 2.530000000000000000e+02
1.150000000000000000e+02 2.490000000000000000e+02
1.120000000000000000e+02 2.460000000000000000e+02
1.050000000000000000e+02 2.440000000000000000e+02
9.900000000000000000e+01 2.430000000000000000e+02
9.400000000000000000e+01 2.410000000000000000e+02
9.300000000000000000e+01 2.410000000000000000e+02
8.700000000000000000e+01 2.430000000000000000e+02
8.100000000000000000e+01 2.500000000000000000e+02
8.100000000000000000e+01 2.500000000000000000e+02
8.100000000000000000e+01 2.500000000000000000e+02
8.100000000000000000e+01 2.500000000000000000e+02
8.000000000000000000e+01 2.510000000000000000e+02
7.800000000000000000e+01 2.510000000000000000e+02
7.400000000000000000e+01 2.500000000000000000e+02
7.300000000000000000e+01 2.500000000000000000e+02
7.100000000000000000e+01 2.500000000000000000e+02
7.100000000000000000e+01 2.500000000000000000e+02
6.900000000000000000e+01 2.490000000000000000e+02
6.900000000000000000e+01 2.490000000000000000e+02
6.900000000000000000e+01 2.490000000000000000e+02
6.900000000000000000e+01 2.470000000000000000e+02
6.900000000000000000e+01 2.470000000000000000e+02
6.900000000000000000e+01 2.470000000000000000e+02
6.900000000000000000e+01 2.470000000000000000e+02
6.900000000000000000e+01 2.470000000000000000e+02
6.900000000000000000e+01 2.470000000000000000e+02
8.300000000000000000e+01 2.610000000000000000e+02
1.180000000000000000e+02 2.970000000000000000e+02
1.970000000000000000e+02 3.550000000000000000e+02
2.381759039974597272e+02 3.911759039974597272e+02
2.690000000000000000e+02 4.180000000000000000e+02
2.980000000000000000e+02 4.440000000000000000e+02
3.310000000000000000e+02 4.780000000000000000e+02
3.750000000000000000e+02 5.200000000000000000e+02
4.150000000000000000e+02 5.560000000000000000e+02
4.430000000000000000e+02 5.760000000000000000e+02
4.540000000000000000e+02 5.820000000000000000e+02
4.660000000000000000e+02 5.900000000000000000e+02
4.720000000000000000e+02 5.940000000000000000e+02
4.900000000000000000e+02 6.050000000000000000e+02
5.255947911548087177e+02 6.278717444717555054e+02
5.470000000000000000e+02 6.430000000000000000e+02
5.507838633686690173e+02 6.455677267373380346e+02
5.580000000000000000e+02 6.520000000000000000e+02
5.720000000000000000e+02 6.640000000000000000e+02
5.800000000000000000e+02 6.710000000000000000e+02
5.920000000000000000e+02 6.790000000000000000e+02
5.980000000000000000e+02 6.830000000000000000e+02
6.030000000000000000e+02 6.880000000000000000e+02
6.050000000000000000e+02 6.900000000000000000e+02
6.050000000000000000e+02 6.900000000000000000e+02
6.050000000000000000e+02 6.900000000000000000e+02
6.050000000000000000e+02 6.900000000000000000e+02
6.050000000000000000e+02 6.900000000000000000e+02
6.050000000000000000e+02 6.900000000000000000e+02
6.050000000000000000e+02 6.900000000000000000e+02
6.050000000000000000e+02 6.900000000000000000e+02
6.060000000000000000e+02 6.910000000000000000e+02
6.060000000000000000e+02 6.910000000000000000e+02
6.060000000000000000e+02 6.910000000000000000e+02
6.050000000000000000e+02 6.890000000000000000e+02
6.010000000000000000e+02 6.470000000000000000e+02
6.030000000000000000e+02 5.936910152526215825e+02
6.040000000000000000e+02 5.380000000000000000e+02
6.027940362595405759e+02 5.133821087786217277e+02
6.020000000000000000e+02 5.010000000000000000e+02
6.040000000000000000e+02 4.940000000000000000e+02
6.110000000000000000e+02 4.800000000000000000e+02
6.170000000000000000e+02 4.680000000000000000e+02
6.180000000000000000e+02 4.610000000000000000e+02
6.180000000000000000e+02 4.550000000000000000e+02
6.170000000000000000e+02 4.500000000000000000e+02
6.160000000000000000e+02 4.420000000000000000e+02
6.160000000000000000e+02 4.340000000000000000e+02
6.160000000000000000e+02 4.330000000000000000e+02
6.160000000000000000e+02 4.330000000000000000e+02
6.130000000000000000e+02 4.320000000000000000e+02
6.110000000000000000e+02 4.300000000000000000e+02
6.110000000000000000e+02 4.300000000000000000e+02
6.110000000000000000e+02 4.300000000000000000e+02
6.110000000000000000e+02 4.300000000000000000e+02
6.110000000000000000e+02 4.300000000000000000e+02
6.110000000000000000e+02 4.300000000000000000e+02
6.110000000000000000e+02 4.300000000000000000e+02
6.110000000000000000e+02 4.300000000000000000e+02
6.110000000000000000e+02 4.300000000000000000e+02
6.110000000000000000e+02 4.300000000000000000e+02
6.110000000000000000e+02 4.300000000000000000e+02
5.980000000000000000e+02 4.450000000000000000e+02
5.600000000000000000e+02 4.980000000000000000e+02
5.000000000000000000e+02 5.770000000000000000e+02
4.800000000000000000e+02 6.080000000000000000e+02
4.680000000000000000e+02 6.320000000000000000e+02
4.533078903456481612e+02 6.525381644815277014e+02
4.440000000000000000e+02 6.670000000000000000e+02
4.090000000000000000e+02 7.140000000000000000e+02
3.790000000000000000e+02 7.470000000000000000e+02
3.660000000000000000e+02 7.690000000000000000e+02
3.610000000000000000e+02 7.880000000000000000e+02
3.550000000000000000e+02 8.080000000000000000e+02
3.530000000000000000e+02 8.200000000000000000e+02
3.520000000000000000e+02 8.320000000000000000e+02
3.490000000000000000e+02 8.490000000000000000e+02
3.490000000000000000e+02 8.580000000000000000e+02
3.510000000000000000e+02 8.600000000000000000e+02
3.510000000000000000e+02 8.600000000000000000e+02
3.510000000000000000e+02 8.600000000000000000e+02
3.510000000000000000e+02 8.600000000000000000e+02
3.510000000000000000e+02 8.600000000000000000e+02
3.510000000000000000e+02 8.600000000000000000e+02
3.540000000000000000e+02 8.660000000000000000e+02
3.540000000000000000e+02 8.660000000000000000e+02
3.540000000000000000e+02 8.680000000000000000e+02
3.540000000000000000e+02 8.750000000000000000e+02
3.540000000000000000e+02 8.780000000000000000e+02
3.540000000000000000e+02 8.790000000000000000e+02
3.540000000000000000e+02 8.790000000000000000e+02
3.540000000000000000e+02 8.790000000000000000e+02
3.540000000000000000e+02 8.790000000000000000e+02
3.530000000000000000e+02 8.760000000000000000e+02
3.530000000000000000e+02 8.740000000000000000e+02
3.540000000000000000e+02 8.730000000000000000e+02
3.540000000000000000e+02 8.730000000000000000e+02
3.540000000000000000e+02 8.700000000000000000e+02
3.540000000000000000e+02 8.700000000000000000e+02
3.540000000000000000e+02 8.700000000000000000e+02
3.540000000000000000e+02 8.700000000000000000e+02
3.540000000000000000e+02 8.700000000000000000e+02
3.540000000000000000e+02 8.700000000000000000e+02
3.540000000000000000e+02 8.700000000000000000e+02
3.540000000000000000e+02 8.700000000000000000e+02
3.540000000000000000e+02 8.700000000000000000e+02
3.560000000000000000e+02 8.640000000000000000e+02
3.710000000000000000e+02 8.390000000000000000e+02
3.940000000000000000e+02 7.820000000000000000e+02
4.060000000000000000e+02 7.140000000000000000e+02
4.080000000000000000e+02 6.630000000000000000e+02
4.130000000000000000e+02 6.270000000000000000e+02
4.200000000000000000e+02 5.760000000000000000e+02
4.220000000000000000e+02 5.480000000000000000e+02
4.240000000000000000e+02 5.190000000000000000e+02
4.260000000000000000e+02 4.950000000000000000e+02
4.300000000000000000e+02 4.730000000000000000e+02
4.330000000000000000e+02 4.407505958055184010e+02
4.340000000000000000e+02 4.190000000000000000e+02
4.320000000000000000e+02 4.060000000000000000e+02
4.310000000000000000e+02 3.990000000000000000e+02
4.260000000000000000e+02 3.750000000000000000e+02
4.210000000000000000e+02 3.540000000000000000e+02
4.160000000000000000e+02 3.410000000000000000e+02
4.150000000000000000e+02 3.370000000000000000e+02
4.090000000000000000e+02 3.260000000000000000e+02
4.046553745164693510e+02 3.230000000000000000e+02
4.010000000000000000e+02 3.210000000000000000e+02
4.000000000000000000e+02 3.210000000000000000e+02
3.990000000000000000e+02 3.210000000000000000e+02
3.990000000000000000e+02 3.210000000000000000e+02
3.990000000000000000e+02 3.210000000000000000e+02
3.990000000000000000e+02 3.260000000000000000e+02
3.980000000000000000e+02 3.350000000000000000e+02
3.970000000000000000e+02 3.370000000000000000e+02
3.970000000000000000e+02 3.370000000000000000e+02
3.970000000000000000e+02 3.370000000000000000e+02
3.970000000000000000e+02 3.370000000000000000e+02
3.970000000000000000e+02 3.370000000000000000e+02
3.970000000000000000e+02 3.370000000000000000e+02
3.960000000000000000e+02 3.360000000000000000e+02
3.960000000000000000e+02 3.320000000000000000e+02
3.960000000000000000e+02 3.310000000000000000e+02
3.960000000000000000e+02 3.310000000000000000e+02
3.960000000000000000e+02 3.310000000000000000e+02
3.960000000000000000e+02 3.310000000000000000e+02
3.960000000000000000e+02 3.310000000000000000e+02
4.070000000000000000e+02 3.420000000000000000e+02
4.443057981388818121e+02 3.793057981388818121e+02
4.860000000000000000e+02 4.140000000000000000e+02
5.131583410592473911e+02 4.334831577164165992e+02
5.320000000000000000e+02 4.470000000000000000e+02
5.930000000000000000e+02 4.990000000000000000e+02
6.090000000000000000e+02 5.140000000000000000e+02
6.440000000000000000e+02 5.410000000000000000e+02
6.645581328887886912e+02 5.596976661109858924e+02
6.900000000000000000e+02 5.790000000000000000e+02
7.106877828054405200e+02 5.922751131221762080e+02
7.240000000000000000e+02 5.980000000000000000e+02
7.306388180626705662e+02 6.026388180626705662e+02
7.410000000000000000e+02 6.070000000000000000e+02
7.570000000000000000e+02 6.140000000000000000e+02
7.650000000000000000e+02 6.140000000000000000e+02
7.750000000000000000e+02 6.140000000000000000e+02
7.790000000000000000e+02 6.140000000000000000e+02
7.790000000000000000e+02 6.140000000000000000e+02
7.800000000000000000e+02 6.140000000000000000e+02
7.810000000000000000e+02 6.140000000000000000e+02
7.810000000000000000e+02 6.140000000000000000e+02
7.830000000000000000e+02 6.140000000000000000e+02
7.890000000000000000e+02 6.130000000000000000e+02
7.900000000000000000e+02 6.130000000000000000e+02
7.910000000000000000e+02 6.120000000000000000e+02
7.910000000000000000e+02 6.110000000000000000e+02
7.910000000000000000e+02 6.110000000000000000e+02
7.910000000000000000e+02 6.110000000000000000e+02
7.920000000000000000e+02 6.110000000000000000e+02
7.920000000000000000e+02 6.110000000000000000e+02
7.920000000000000000e+02 6.110000000000000000e+02
7.920000000000000000e+02 6.110000000000000000e+02
7.920000000000000000e+02 6.110000000000000000e+02
7.920000000000000000e+02 6.110000000000000000e+02
7.760000000000000000e+02 5.890000000000000000e+02
7.490000000000000000e+02 5.490000000000000000e+02
6.950000000000000000e+02 4.920000000000000000e+02
6.290000000000000000e+02 4.330000000000000000e+02
5.570000000000000000e+02 3.620000000000000000e+02
5.394491662696436833e+02 3.346229156741092652e+02
5.290000000000000000e+02 3.150000000000000000e+02
5.078039566201918547e+02 2.884431652961534951e+02
4.920000000000000000e+02 2.700000000000000000e+02
4.870000000000000000e+02 2.640000000000000000e+02
4.830000000000000000e+02 2.590000000000000000e+02
4.800000000000000000e+02 2.440000000000000000e+02
4.800000000000000000e+02 2.400000000000000000e+02
4.800000000000000000e+02 2.370000000000000000e+02
4.801371612749194355e+02 2.368628387250805645e+02
4.850000000000000000e+02 2.330000000000000000e+02
4.891393499226105632e+02 2.320000000000000000e+02
4.910000000000000000e+02 2.310000000000000000e+02
4.910000000000000000e+02 2.310000000000000000e+02
4.910000000000000000e+02 2.310000000000000000e+02
4.910000000000000000e+02 2.310000000000000000e+02
4.910000000000000000e+02 2.310000000000000000e+02
4.910000000000000000e+02 2.310000000000000000e+02
4.910000000000000000e+02 2.310000000000000000e+02
4.910000000000000000e+02 2.310000000000000000e+02
4.910000000000000000e+02 2.310000000000000000e+02
4.910000000000000000e+02 2.310000000000000000e+02
4.910000000000000000e+02 2.310000000000000000e+02
4.870000000000000000e+02 2.330000000000000000e+02
4.516058150619637672e+02 2.352788369876072352e+02
3.520000000000000000e+02 2.300000000000000000e+02
3.009531287933980366e+02 2.220046395609526542e+02
2.821287234124621364e+02 2.175926695497958008e+02
2.633043180315235645e+02 2.131806995386383221e+02
2.444799126505876075e+02 2.087687295274814687e+02
2.256555072696490356e+02 2.043567595163239901e+02
2.068311018887131354e+02 1.999447895051671367e+02
1.900000000000000000e+02 1.960000000000000000e+02
5.000000000000000000e+01 1.070000000000000000e+02
4.500000000000000000e+01 1.040000000000000000e+02
3.500000000000000000e+01 1.010000000000000000e+02
1.900000000000000000e+01 9.600000000000000000e+01
1.200000000000000000e+01 9.300000000000000000e+01
3.000000000000000000e+00 8.700000000000000000e+01
2.000000000000000000e+00 8.700000000000000000e+01
2.000000000000000000e+00 8.700000000000000000e+01
3.000000000000000000e+00 8.900000000000000000e+01
1.300000000000000000e+01 9.900000000000000000e+01
1.700000000000000000e+01 1.010000000000000000e+02
1.900000000000000000e+01 1.020000000000000000e+02
2.100000000000000000e+01 1.020000000000000000e+02
2.100000000000000000e+01 1.020000000000000000e+02
2.100000000000000000e+01 1.020000000000000000e+02
2.466338380827613364e+01 1.030000000000000000e+02
2.500000000000000000e+01 1.030000000000000000e+02
2.700000000000000000e+01 1.030000000000000000e+02
2.700000000000000000e+01 1.030000000000000000e+02
2.900000000000000000e+01 1.030000000000000000e+02
2.900000000000000000e+01 1.030000000000000000e+02
2.900000000000000000e+01 1.030000000000000000e+02
2.900000000000000000e+01 1.030000000000000000e+02
2.900000000000000000e+01 1.030000000000000000e+02
2.900000000000000000e+01 1.030000000000000000e+02
6.000000000000000000e+01 1.180000000000000000e+02
1.380000000000000000e+02 1.580000000000000000e+02
1.900000000000000000e+02 2.000000000000000000e+02
2.210000000000000000e+02 2.250000000000000000e+02
2.690000000000000000e+02 2.630000000000000000e+02
3.145589609151658124e+02 2.945589609151658124e+02
3.480000000000000000e+02 3.220000000000000000e+02
3.970000000000000000e+02 3.620000000000000000e+02
4.380000000000000000e+02 3.940000000000000000e+02
4.840000000000000000e+02 4.260000000000000000e+02
5.060000000000000000e+02 4.380000000000000000e+02
5.430000000000000000e+02 4.650000000000000000e+02
5.780000000000000000e+02 4.880000000000000000e+02
6.130000000000000000e+02 5.110000000000000000e+02
6.429463391366847418e+02 5.293785356546738967e+02
6.500000000000000000e+02 5.340000000000000000e+02
6.520000000000000000e+02 5.350000000000000000e+02
6.590000000000000000e+02 5.420000000000000000e+02
6.720000000000000000e+02 5.580000000000000000e+02
6.810000000000000000e+02 5.680000000000000000e+02
6.880000000000000000e+02 5.740000000000000000e+02
6.930000000000000000e+02 5.840000000000000000e+02
6.980000000000000000e+02 5.990000000000000000e+02
7.000000000000000000e+02 6.040000000000000000e+02
7.000000000000000000e+02 6.050000000000000000e+02
7.026799943060499345e+02 6.076799943060499345e+02
7.049189466192170812e+02 6.099189466192170812e+02
7.059316341115029445e+02 6.116769414007053456e+02
7.140000000000000000e+02 6.240000000000000000e+02
7.150000000000000000e+02 6.260000000000000000e+02
7.150000000000000000e+02 6.260000000000000000e+02
7.180000000000000000e+02 6.260000000000000000e+02
7.180000000000000000e+02 6.260000000000000000e+02
7.200000000000000000e+02 6.260000000000000000e+02
7.200000000000000000e+02 6.260000000000000000e+02
7.200000000000000000e+02 6.260000000000000000e+02
7.200000000000000000e+02 6.260000000000000000e+02
7.200000000000000000e+02 6.260000000000000000e+02
7.200000000000000000e+02 6.260000000000000000e+02
7.200000000000000000e+02 6.260000000000000000e+02
7.200000000000000000e+02 6.260000000000000000e+02
7.180000000000000000e+02 6.240000000000000000e+02
6.940000000000000000e+02 5.990000000000000000e+02
6.600000000000000000e+02 5.770000000000000000e+02
5.950000000000000000e+02 5.520000000000000000e+02
5.570000000000000000e+02 5.380000000000000000e+02
5.470000000000000000e+02 5.330000000000000000e+02
5.314805714285586191e+02 5.248268571428528730e+02
5.020000000000000000e+02 5.150000000000000000e+02
4.720672308975898090e+02 5.110000000000000000e+02
4.600000000000000000e+02 5.100000000000000000e+02
4.550000000000000000e+02 5.070000000000000000e+02
4.505817062672680891e+02 5.047490237603608421e+02
4.485255418487862471e+02 5.035153251092717142e+02
4.464693774303040641e+02 5.022816264581824726e+02
4.444132130118222221e+02 5.010479278070933447e+02
4.423570485933403802e+02 4.998142291560042167e+02
4.410000000000000000e+02 4.990000000000000000e+02
4.220000000000000000e+02 4.920000000000000000e+02
4.180000000000000000e+02 4.900000000000000000e+02
4.160000000000000000e+02 4.860000000000000000e+02
4.150000000000000000e+02 4.840000000000000000e+02
4.150000000000000000e+02 4.840000000000000000e+02
4.150000000000000000e+02 4.840000000000000000e+02
4.150000000000000000e+02 4.840000000000000000e+02
4.150000000000000000e+02 4.840000000000000000e+02
4.170000000000000000e+02 4.840000000000000000e+02
4.190000000000000000e+02 4.860000000000000000e+02
4.220000000000000000e+02 4.870000000000000000e+02
4.230000000000000000e+02 4.880000000000000000e+02
4.230000000000000000e+02 4.880000000000000000e+02
4.240000000000000000e+02 4.880000000000000000e+02
4.240000000000000000e+02 4.880000000000000000e+02
4.240000000000000000e+02 4.880000000000000000e+02
4.240000000000000000e+02 4.880000000000000000e+02
4.240000000000000000e+02 4.880000000000000000e+02
4.240000000000000000e+02 4.880000000000000000e+02
4.310000000000000000e+02 4.700000000000000000e+02
4.425008579599639802e+02 4.184951382268706652e+02
4.540000000000000000e+02 3.610000000000000000e+02
4.576227984097604349e+02 3.257720159023953670e+02
4.590000000000000000e+02 3.120000000000000000e+02
4.620000000000000000e+02 2.700000000000000000e+02
4.670000000000000000e+02 2.480000000000000000e+02
4.770000000000000000e+02 2.210000000000000000e+02
4.838626132570366849e+02 2.006869337148164902e+02
4.920000000000000000e+02 1.740000000000000000e+02
4.960000000000000000e+02 1.490000000000000000e+02
4.960000000000000000e+02 1.400000000000000000e+02
4.960000000000000000e+02 1.350000000000000000e+02
4.990000000000000000e+02 1.210000000000000000e+02
5.020000000000000000e+02 1.050000000000000000e+02
5.040000000000000000e+02 9.200000000000000000e+01
5.050000000000000000e+02 8.400000000000000000e+01
5.060000000000000000e+02 7.556875223453415913e+01
5.060000000000000000e+02 7.200000000000000000e+01
5.070000000000000000e+02 6.600000000000000000e+01
5.070000000000000000e+02 6.600000000000000000e+01
5.070000000000000000e+02 6.300000000000000000e+01
5.070000000000000000e+02 6.100000000000000000e+01
5.060000000000000000e+02 5.200000000000000000e+01
5.060000000000000000e+02 5.200000000000000000e+01
5.040000000000000000e+02 5.200000000000000000e+01
5.040000000000000000e+02 5.200000000000000000e+01
5.000000000000000000e+02 5.000000000000000000e+01
5.000000000000000000e+02 5.000000000000000000e+01
4.990000000000000000e+02 4.900000000000000000e+01
4.980000000000000000e+02 4.883948816243266577e+01
4.980000000000000000e+02 4.861289836720228408e+01
4.980000000000000000e+02 4.838630857197186685e+01
4.980000000000000000e+02 4.815971877674147805e+01
4.980000000000000000e+02 4.800000000000000000e+01
4.970000000000000000e+02 4.700000000000000000e+01
4.970000000000000000e+02 4.700000000000000000e+01
4.970000000000000000e+02 4.700000000000000000e+01
4.970000000000000000e+02 4.700000000000000000e+01
4.970000000000000000e+02 4.500000000000000000e+01
4.970000000000000000e+02 4.500000000000000000e+01
4.970000000000000000e+02 4.500000000000000000e+01
4.980000000000000000e+02 4.100000000000000000e+01
4.980000000000000000e+02 4.000000000000000000e+01
4.980000000000000000e+02 4.000000000000000000e+01
4.980000000000000000e+02 4.000000000000000000e+01
4.980000000000000000e+02 4.000000000000000000e+01
4.980000000000000000e+02 4.000000000000000000e+01
4.980000000000000000e+02 4.000000000000000000e+01
4.980000000000000000e+02 4.000000000000000000e+01
4.980000000000000000e+02 4.000000000000000000e+01
4.980000000000000000e+02 4.500000000000000000e+01
4.970000000000000000e+02 8.300000000000000000e+01
5.029736695357027543e+02 1.417103648927301549e+02
5.110000000000000000e+02 1.900000000000000000e+02
5.220000000000000000e+02 2.520000000000000000e+02
5.350000000000000000e+02 2.960000000000000000e+02
5.513881437419097438e+02 3.499526722418598297e+02
5.631290835928485876e+02 3.844416830539926764e+02
5.886821436360514781e+02 4.575204103887184601e+02
5.920000000000000000e+02 4.670000000000000000e+02
6.270000000000000000e+02 5.490000000000000000e+02
6.470000000000000000e+02 5.830000000000000000e+02
6.520000000000000000e+02 5.920000000000000000e+02
6.600000000000000000e+02 6.180000000000000000e+02
6.680000000000000000e+02 6.350000000000000000e+02
6.740000000000000000e+02 6.490000000000000000e+02
6.760000000000000000e+02 6.540000000000000000e+02
6.810000000000000000e+02 6.580000000000000000e+02
6.918121330724070503e+02 6.688121330724070503e+02
6.980000000000000000e+02 6.810000000000000000e+02
7.060000000000000000e+02 6.930000000000000000e+02
7.120000000000000000e+02 7.020000000000000000e+02
7.130000000000000000e+02 7.052075630752536881e+02
7.130000000000000000e+02 7.070000000000000000e+02
7.150000000000000000e+02 7.130000000000000000e+02
7.154550752328650560e+02 7.193652256985951681e+02
7.160000000000000000e+02 7.230000000000000000e+02
7.180000000000000000e+02 7.290000000000000000e+02
7.210000000000000000e+02 7.340000000000000000e+02
7.210000000000000000e+02 7.350000000000000000e+02
7.210000000000000000e+02 7.350000000000000000e+02
7.210000000000000000e+02 7.350000000000000000e+02
7.210000000000000000e+02 7.370000000000000000e+02
7.220000000000000000e+02 7.390000000000000000e+02
7.220000000000000000e+02 7.390000000000000000e+02
7.220000000000000000e+02 7.390000000000000000e+02
7.220000000000000000e+02 7.390000000000000000e+02
7.220000000000000000e+02 7.390000000000000000e+02
7.220000000000000000e+02 7.390000000000000000e+02
7.220000000000000000e+02 7.390000000000000000e+02
7.220000000000000000e+02 7.390000000000000000e+02
7.220000000000000000e+02 7.390000000000000000e+02
7.220000000000000000e+02 7.390000000000000000e+02
7.220000000000000000e+02 7.420000000000000000e+02
7.220000000000000000e+02 7.430000000000000000e+02
7.220000000000000000e+02 7.430000000000000000e+02
7.220000000000000000e+02 7.430000000000000000e+02
7.220000000000000000e+02 7.430000000000000000e+02
7.220000000000000000e+02 7.430000000000000000e+02
7.220000000000000000e+02 7.430000000000000000e+02
7.220000000000000000e+02 7.430000000000000000e+02
7.220000000000000000e+02 7.430000000000000000e+02
7.220000000000000000e+02 7.344048175530589333e+02
7.200000000000000000e+02 7.180000000000000000e+02
7.060000000000000000e+02 6.440000000000000000e+02
6.930000000000000000e+02 5.810000000000000000e+02
6.780000000000000000e+02 5.160000000000000000e+02
6.670000000000000000e+02 4.710000000000000000e+02
6.490000000000000000e+02 4.150000000000000000e+02
6.350000000000000000e+02 3.810000000000000000e+02
6.230000000000000000e+02 3.520000000000000000e+02
6.202520045645649134e+02 3.443056127807818143e+02
6.180000000000000000e+02 3.380000000000000000e+02
6.030000000000000000e+02 2.960000000000000000e+02
6.010000000000000000e+02 2.900000000000000000e+02
5.970000000000000000e+02 2.820000000000000000e+02
5.910000000000000000e+02 2.720000000000000000e+02
5.870000000000000000e+02 2.630000000000000000e+02
5.854546325113717558e+02 2.589092650227435684e+02
5.840000000000000000e+02 2.570000000000000000e+02
5.820000000000000000e+02 2.550000000000000000e+02
5.790000000000000000e+02 2.550000000000000000e+02
5.750000000000000000e+02 2.530000000000000000e+02
5.730000000000000000e+02 2.530000000000000000e+02
5.680000000000000000e+02 2.540000000000000000e+02
5.680000000000000000e+02 2.540000000000000000e+02
5.680000000000000000e+02 2.540000000000000000e+02
5.680000000000000000e+02 2.540000000000000000e+02
5.680000000000000000e+02 2.540000000000000000e+02
5.680000000000000000e+02 2.540000000000000000e+02
5.680000000000000000e+02 2.540000000000000000e+02
5.680000000000000000e+02 2.540000000000000000e+02
5.670000000000000000e+02 2.540000000000000000e+02
5.660000000000000000e+02 2.540000000000000000e+02
5.660000000000000000e+02 2.550000000000000000e+02
5.660000000000000000e+02 2.550000000000000000e+02
5.660000000000000000e+02 2.550000000000000000e+02
5.660000000000000000e+02 2.550000000000000000e+02
5.657772320964556911e+02 2.561138395177216580e+02
5.653231143678757462e+02 2.583844281606210416e+02
5.650000000000000000e+02 2.600000000000000000e+02
4.320000000000000000e+02 3.860000000000000000e+02
4.270000000000000000e+02 3.930000000000000000e+02
4.110000000000000000e+02 4.020000000000000000e+02
3.740000000000000000e+02 4.160000000000000000e+02
3.200000000000000000e+02 4.460000000000000000e+02
3.095527896995651531e+02 4.533416309013045975e+02
3.010000000000000000e+02 4.670000000000000000e+02
2.980000000000000000e+02 4.710000000000000000e+02
2.950000000000000000e+02 4.730000000000000000e+02
2.910000000000000000e+02 4.750000000000000000e+02
2.910000000000000000e+02 4.750000000000000000e+02
2.930000000000000000e+02 4.750000000000000000e+02
3.070000000000000000e+02 4.700000000000000000e+02
3.140000000000000000e+02 4.640000000000000000e+02
3.150000000000000000e+02 4.640000000000000000e+02
3.160000000000000000e+02 4.640000000000000000e+02
3.160000000000000000e+02 4.640000000000000000e+02
3.160000000000000000e+02 4.640000000000000000e+02
3.160000000000000000e+02 4.640000000000000000e+02
3.160000000000000000e+02 4.640000000000000000e+02
3.160000000000000000e+02 4.640000000000000000e+02
3.160000000000000000e+02 4.640000000000000000e+02
3.160000000000000000e+02 4.640000000000000000e+02
3.160000000000000000e+02 4.640000000000000000e+02
3.243395805783367791e+02 4.748922750361819567e+02
3.344566622208359945e+02 4.909605811742689525e+02
3.370000000000000000e+02 4.950000000000000000e+02
4.250000000000000000e+02 5.880000000000000000e+02
4.430000000000000000e+02 6.090000000000000000e+02
4.490000000000000000e+02 6.150000000000000000e+02
4.570000000000000000e+02 6.240000000000000000e+02
4.640000000000000000e+02 6.350000000000000000e+02
4.680000000000000000e+02 6.400000000000000000e+02
4.680000000000000000e+02 6.420000000000000000e+02
4.680000000000000000e+02 6.420000000000000000e+02
4.680000000000000000e+02 6.420000000000000000e+02
4.661059608965131247e+02 6.385529804482565623e+02
4.600000000000000000e+02 6.310000000000000000e+02
4.560000000000000000e+02 6.215535493091905437e+02
4.540000000000000000e+02 6.140000000000000000e+02
4.540000000000000000e+02 6.130000000000000000e+02
4.540000000000000000e+02 6.130000000000000000e+02
4.540000000000000000e+02 6.130000000000000000e+02
4.520000000000000000e+02 6.120000000000000000e+02
4.520000000000000000e+02 6.120000000000000000e+02
4.520000000000000000e+02 6.120000000000000000e+02
4.520000000000000000e+02 6.120000000000000000e+02
4.520000000000000000e+02 6.120000000000000000e+02
4.520000000000000000e+02 6.120000000000000000e+02
4.520000000000000000e+02 6.120000000000000000e+02
4.520000000000000000e+02 6.120000000000000000e+02
4.520000000000000000e+02 6.120000000000000000e+02
4.511696500234098153e+02 6.103393000468196306e+02
4.510000000000000000e+02 6.100000000000000000e+02
4.100000000000000000e+02 5.580000000000000000e+02
3.380000000000000000e+02 5.350000000000000000e+02
3.190000000000000000e+02 5.268383835975668035e+02
3.110000000000000000e+02 5.210000000000000000e+02
2.840000000000000000e+02 4.980000000000000000e+02
2.630000000000000000e+02 4.780000000000000000e+02
2.540000000000000000e+02 4.710000000000000000e+02
2.520000000000000000e+02 4.690000000000000000e+02
2.440000000000000000e+02 4.680000000000000000e+02
2.400000000000000000e+02 4.670000000000000000e+02
2.350000000000000000e+02 4.660000000000000000e+02
2.300000000000000000e+02 4.650000000000000000e+02
2.230000000000000000e+02 4.650000000000000000e+02
2.210000000000000000e+02 4.650000000000000000e+02
2.180000000000000000e+02 4.640000000000000000e+02
2.140000000000000000e+02 4.630000000000000000e+02
2.130000000000000000e+02 4.630000000000000000e+02
2.070000000000000000e+02 4.630000000000000000e+02
2.040000000000000000e+02 4.630000000000000000e+02
2.040000000000000000e+02 4.630000000000000000e+02
2.040000000000000000e+02 4.630000000000000000e+02
2.040000000000000000e+02 4.630000000000000000e+02
2.040000000000000000e+02 4.630000000000000000e+02
2.020000000000000000e+02 4.640000000000000000e+02
2.020000000000000000e+02 4.640000000000000000e+02
1.990000000000000000e+02 4.640000000000000000e+02
1.990000000000000000e+02 4.640000000000000000e+02
1.980000000000000000e+02 4.650000000000000000e+02
1.980000000000000000e+02 4.650000000000000000e+02
1.980000000000000000e+02 4.650000000000000000e+02
1.980000000000000000e+02 4.650000000000000000e+02
1.980000000000000000e+02 4.650000000000000000e+02
1.980000000000000000e+02 4.650000000000000000e+02
1.980000000000000000e+02 4.650000000000000000e+02
1.980000000000000000e+02 4.660000000000000000e+02
1.980000000000000000e+02 4.670000000000000000e+02
1.980000000000000000e+02 4.670000000000000000e+02
1.980000000000000000e+02 4.670000000000000000e+02
1.990000000000000000e+02 4.680000000000000000e+02
2.050000000000000000e+02 4.730000000000000000e+02
2.155458411843879674e+02 4.819761184387621142e+02
2.220000000000000000e+02 4.880000000000000000e+02
2.890000000000000000e+02 5.230000000000000000e+02
3.270000000000000000e+02 5.390000000000000000e+02
3.450000000000000000e+02 5.510000000000000000e+02
3.660000000000000000e+02 5.630000000000000000e+02
3.833019415089761424e+02 5.710000000000000000e+02
3.900000000000000000e+02 5.740000000000000000e+02
4.012983153954141358e+02 5.826491576977070963e+02
4.100000000000000000e+02 5.880000000000000000e+02
4.360000000000000000e+02 5.990000000000000000e+02
4.570000000000000000e+02 6.040000000000000000e+02
4.660000000000000000e+02 6.050000000000000000e+02
4.680000000000000000e+02 6.050000000000000000e+02
4.680000000000000000e+02 6.050000000000000000e+02
4.680000000000000000e+02 6.050000000000000000e+02
4.760000000000000000e+02 6.040000000000000000e+02
4.820000000000000000e+02 6.000000000000000000e+02
4.820000000000000000e+02 6.000000000000000000e+02
4.820000000000000000e+02 6.000000000000000000e+02
4.820000000000000000e+02 6.000000000000000000e+02
4.820000000000000000e+02 6.000000000000000000e+02
4.800000000000000000e+02 5.990000000000000000e+02
4.740000000000000000e+02 5.980000000000000000e+02
4.700000000000000000e+02 5.970000000000000000e+02
4.700000000000000000e+02 5.970000000000000000e+02
4.700000000000000000e+02 5.970000000000000000e+02
4.700000000000000000e+02 5.970000000000000000e+02
4.700000000000000000e+02 5.970000000000000000e+02
4.700000000000000000e+02 5.970000000000000000e+02
4.700000000000000000e+02 6.026050463560643493e+02
4.730000000000000000e+02 6.220000000000000000e+02
5.000000000000000000e+02 6.640000000000000000e+02
5.190000000000000000e+02 6.940000000000000000e+02
5.230000000000000000e+02 7.020000000000000000e+02
5.240000000000000000e+02 7.110000000000000000e+02
5.270000000000000000e+02 7.310000000000000000e+02
5.393231942789062714e+02 7.559695828367189279e+02
5.490000000000000000e+02 7.800000000000000000e+02
5.530000000000000000e+02 7.891617832876406737e+02
5.560000000000000000e+02 7.960000000000000000e+02
5.570000000000000000e+02 8.030000000000000000e+02
5.570000000000000000e+02 8.040000000000000000e+02
5.570000000000000000e+02 8.040000000000000000e+02
5.530000000000000000e+02 8.040000000000000000e+02
5.460000000000000000e+02 8.030000000000000000e+02
5.400000000000000000e+02 8.010000000000000000e+02
5.360000000000000000e+02 7.980000000000000000e+02
5.360000000000000000e+02 7.980000000000000000e+02
5.350000000000000000e+02 7.970000000000000000e+02
5.330000000000000000e+02 7.970000000000000000e+02
5.310000000000000000e+02 7.960000000000000000e+02
5.310000000000000000e+02 7.950000000000000000e+02
5.310000000000000000e+02 7.950000000000000000e+02
5.310000000000000000e+02 7.950000000000000000e+02
5.310000000000000000e+02 7.950000000000000000e+02
5.310000000000000000e+02 7.950000000000000000e+02
5.310000000000000000e+02 7.950000000000000000e+02
5.280000000000000000e+02 7.760000000000000000e+02
5.200000000000000000e+02 7.450000000000000000e+02
4.710000000000000000e+02 6.920000000000000000e+02
4.108333174677929946e+02 6.384285578295368850e+02
3.590000000000000000e+02 5.860000000000000000e+02
3.180989071903705963e+02 5.390989071903705963e+02
2.849372148959101878e+02 5.119372148959101878e+02
2.740661856183127156e+02 5.010661856183127156e+02
2.700000000000000000e+02 4.970000000000000000e+02
2.348354099291009902e+02 4.615560188450118630e+02
2.225835944900454422e+02 4.471163792204106926e+02
2.140000000000000000e+02 4.370000000000000000e+02
1.950000000000000000e+02 4.130000000000000000e+02
1.840000000000000000e+02 3.990000000000000000e+02
1.750000000000000000e+02 3.830000000000000000e+02
1.680000000000000000e+02 3.710000000000000000e+02
1.600000000000000000e+02 3.570000000000000000e+02
1.590000000000000000e+02 3.550000000000000000e+02
1.580000000000000000e+02 3.550000000000000000e+02
1.552555899880782135e+02 3.497667699642346406e+02
1.530000000000000000e+02 3.440000000000000000e+02
1.520000000000000000e+02 3.430000000000000000e+02
1.510000000000000000e+02 3.430000000000000000e+02
1.460000000000000000e+02 3.410000000000000000e+02
1.420000000000000000e+02 3.400000000000000000e+02
1.370000000000000000e+02 3.400000000000000000e+02
1.313778148854919152e+02 3.406221851145080564e+02
1.300000000000000000e+02 3.410000000000000000e+02
1.280000000000000000e+02 3.410000000000000000e+02
1.260000000000000000e+02 3.410000000000000000e+02
1.248523819565047432e+02 3.410000000000000000e+02
1.233617593331894682e+02 3.410000000000000000e+02
1.230000000000000000e+02 3.410000000000000000e+02
1.210000000000000000e+02 3.410000000000000000e+02
1.210000000000000000e+02 3.410000000000000000e+02
1.210000000000000000e+02 3.410000000000000000e+02
1.210000000000000000e+02 3.410000000000000000e+02
1.210000000000000000e+02 3.410000000000000000e+02
1.210000000000000000e+02 3.410000000000000000e+02
1.290000000000000000e+02 3.540000000000000000e+02
1.390000000000000000e+02 3.940000000000000000e+02
1.390000000000000000e+02 4.430000000000000000e+02
1.380000000000000000e+02 4.850000000000000000e+02
1.400000000000000000e+02 5.230000000000000000e+02
1.450000000000000000e+02 5.460000000000000000e+02
1.460000000000000000e+02 5.609861707200763021e+02
1.440000000000000000e+02 5.790000000000000000e+02
1.410000000000000000e+02 6.038894078398715237e+02
1.400000000000000000e+02 6.250000000000000000e+02
1.450000000000000000e+02 6.480000000000000000e+02
1.490000000000000000e+02 6.640000000000000000e+02
1.550000000000000000e+02 6.820000000000000000e+02
1.600000000000000000e+02 6.920000000000000000e+02
1.640000000000000000e+02 7.030000000000000000e+02
1.680000000000000000e+02 7.120000000000000000e+02
1.690000000000000000e+02 7.130000000000000000e+02
1.690000000000000000e+02 7.130000000000000000e+02
1.690000000000000000e+02 7.140000000000000000e+02
1.700000000000000000e+02 7.140000000000000000e+02
1.710000000000000000e+02 7.140000000000000000e+02
1.720000000000000000e+02 7.140000000000000000e+02
1.730000000000000000e+02 7.140000000000000000e+02
1.740000000000000000e+02 7.150000000000000000e+02
1.760000000000000000e+02 7.150000000000000000e+02
1.760000000000000000e+02 7.150000000000000000e+02
1.770000000000000000e+02 7.150000000000000000e+02
1.770000000000000000e+02 7.150000000000000000e+02
1.790000000000000000e+02 7.150000000000000000e+02
2.010000000000000000e+02 7.130000000000000000e+02
3.420000000000000000e+02 7.210000000000000000e+02
4.660000000000000000e+02 7.300000000000000000e+02
5.240000000000000000e+02 7.350000000000000000e+02
5.500000000000000000e+02 7.380000000000000000e+02
6.090000000000000000e+02 7.460000000000000000e+02
6.510429882044645638e+02 7.513404980340774273e+02
6.750000000000000000e+02 7.520000000000000000e+02
7.150000000000000000e+02 7.520000000000000000e+02
7.370000000000000000e+02 7.530000000000000000e+02
7.400000000000000000e+02 7.530000000000000000e+02
7.520000000000000000e+02 7.520000000000000000e+02
7.700000000000000000e+02 7.490000000000000000e+02
7.790000000000000000e+02 7.470000000000000000e+02
7.990000000000000000e+02 7.440000000000000000e+02
8.060000000000000000e+02 7.420000000000000000e+02
8.100000000000000000e+02 7.390000000000000000e+02
8.166807142857143162e+02 7.353192857142856838e+02
8.200000000000000000e+02 7.340000000000000000e+02
8.250000000000000000e+02 7.340000000000000000e+02
8.280000000000000000e+02 7.340000000000000000e+02
8.350000000000000000e+02 7.340000000000000000e+02
8.370000000000000000e+02 7.330000000000000000e+02
8.440000000000000000e+02 7.340000000000000000e+02
8.490000000000000000e+02 7.350000000000000000e+02
8.490000000000000000e+02 7.350000000000000000e+02
8.490000000000000000e+02 7.350000000000000000e+02
8.490000000000000000e+02 7.350000000000000000e+02
8.490000000000000000e+02 7.350000000000000000e+02
8.490000000000000000e+02 7.350000000000000000e+02
8.490000000000000000e+02 7.350000000000000000e+02
8.490000000000000000e+02 7.350000000000000000e+02
8.430000000000000000e+02 7.340000000000000000e+02
8.220000000000000000e+02 7.240000000000000000e+02
7.440000000000000000e+02 6.890000000000000000e+02
6.590000000000000000e+02 6.690000000000000000e+02
6.260000000000000000e+02 6.720000000000000000e+02
6.090000000000000000e+02 6.800000000000000000e+02
5.430000000000000000e+02 6.920000000000000000e+02
4.840000000000000000e+02 7.000000000000000000e+02
4.510000000000000000e+02 7.050000000000000000e+02
4.170000000000000000e+02 7.070000000000000000e+02
4.000000000000000000e+02 7.060000000000000000e+02
3.910000000000000000e+02 7.070000000000000000e+02
3.680000000000000000e+02 7.090000000000000000e+02
3.440000000000000000e+02 7.120000000000000000e+02
3.410000000000000000e+02 7.120000000000000000e+02
3.340000000000000000e+02 7.090000000000000000e+02
3.330000000000000000e+02 7.080000000000000000e+02
3.300000000000000000e+02 7.090000000000000000e+02
3.300000000000000000e+02 7.090000000000000000e+02
3.300000000000000000e+02 7.090000000000000000e+02
3.300000000000000000e+02 7.090000000000000000e+02
3.300000000000000000e+02 7.090000000000000000e+02
3.300000000000000000e+02 7.090000000000000000e+02
3.300000000000000000e+02 7.090000000000000000e+02
3.300000000000000000e+02 7.090000000000000000e+02
3.300000000000000000e+02 7.090000000000000000e+02
3.300000000000000000e+02 7.090000000000000000e+02
3.300000000000000000e+02 7.090000000000000000e+02
3.300000000000000000e+02 7.090000000000000000e+02
3.300000000000000000e+02 7.090000000000000000e+02
3.300000000000000000e+02 7.090000000000000000e+02
3.300000000000000000e+02 7.090000000000000000e+02
3.300000000000000000e+02 7.090000000000000000e+02
3.300000000000000000e+02 7.090000000000000000e+02
3.300000000000000000e+02 7.090000000000000000e+02
3.680000000000000000e+02 7.220000000000000000e+02
3.680000000000000000e+02 7.220000000000000000e+02
3.700000000000000000e+02 7.220000000000000000e+02
3.710000000000000000e+02 7.220000000000000000e+02
3.710000000000000000e+02 7.220000000000000000e+02
3.710000000000000000e+02 7.220000000000000000e+02
3.700000000000000000e+02 7.220000000000000000e+02
3.660000000000000000e+02 7.220000000000000000e+02
3.630000000000000000e+02 7.210000000000000000e+02
3.615050899988065680e+02 7.210000000000000000e+02
3.602003877447241393e+02 7.200000000000000000e+02
3.600000000000000000e+02 7.200000000000000000e+02
3.600000000000000000e+02 7.200000000000000000e+02
3.580000000000000000e+02 7.190000000000000000e+02
3.560000000000000000e+02 7.170000000000000000e+02
3.540000000000000000e+02 7.170000000000000000e+02
3.540000000000000000e+02 7.170000000000000000e+02
3.540000000000000000e+02 7.170000000000000000e+02
3.530000000000000000e+02 7.170000000000000000e+02
3.520000000000000000e+02 7.170000000000000000e+02
3.520000000000000000e+02 7.170000000000000000e+02
3.520000000000000000e+02 7.170000000000000000e+02
3.510000000000000000e+02 7.160000000000000000e+02
3.510000000000000000e+02 7.160000000000000000e+02
3.500000000000000000e+02 7.150000000000000000e+02
3.500000000000000000e+02 7.150000000000000000e+02
3.500000000000000000e+02 7.150000000000000000e+02
3.500000000000000000e+02 7.150000000000000000e+02
3.490000000000000000e+02 7.150000000000000000e+02
3.510000000000000000e+02 7.140000000000000000e+02
3.670000000000000000e+02 6.990000000000000000e+02
3.922795334040198441e+02 6.806574761399857607e+02
4.380000000000000000e+02 6.560000000000000000e+02
5.084989034565327870e+02 6.163083671036721398e+02
5.470000000000000000e+02 5.900000000000000000e+02
5.720000000000000000e+02 5.640000000000000000e+02
5.970000000000000000e+02 5.490000000000000000e+02
6.251202608731858845e+02 5.316769844698513907e+02
6.439114042414314554e+02 5.202680759962737511e+02
6.460000000000000000e+02 5.190000000000000000e+02
6.807234144015260426e+02 4.835531711969480284e+02
6.840000000000000000e+02 4.770000000000000000e+02
6.920000000000000000e+02 4.680000000000000000e+02
7.010000000000000000e+02 4.580000000000000000e+02
7.200000000000000000e+02 4.410000000000000000e+02
7.270000000000000000e+02 4.310000000000000000e+02
7.300000000000000000e+02 4.280000000000000000e+02
7.320000000000000000e+02 4.230000000000000000e+02
7.330000000000000000e+02 4.210000000000000000e+02
7.370000000000000000e+02 4.170000000000000000e+02
7.380000000000000000e+02 4.120000000000000000e+02
7.390000000000000000e+02 4.100000000000000000e+02
7.390000000000000000e+02 4.100000000000000000e+02
7.390000000000000000e+02 4.100000000000000000e+02
7.390000000000000000e+02 4.100000000000000000e+02
7.390000000000000000e+02 4.100000000000000000e+02
7.390000000000000000e+02 4.100000000000000000e+02
7.390000000000000000e+02 4.100000000000000000e+02
7.390000000000000000e+02 4.100000000000000000e+02
7.390000000000000000e+02 4.100000000000000000e+02
7.220000000000000000e+02 4.210000000000000000e+02
6.690000000000000000e+02 4.560000000000000000e+02
5.985025298327990413e+02 5.026859188545006418e+02
5.480000000000000000e+02 5.350000000000000000e+02
5.202495202085243591e+02 5.564344883003279847e+02
5.162868883516435972e+02 5.587286435858906088e+02
5.123242564947627216e+02 5.610227988714531193e+02
5.083616246378808228e+02 5.633169541570163119e+02
5.043989927810000040e+02 5.656111094425789361e+02
5.020000000000000000e+02 5.670000000000000000e+02
4.970000000000000000e+02 5.690000000000000000e+02
4.905383386962278109e+02 5.713654153259429904e+02
4.690000000000000000e+02 5.840000000000000000e+02
4.680000000000000000e+02 5.850000000000000000e+02
4.680000000000000000e+02 5.850000000000000000e+02
4.680000000000000000e+02 5.850000000000000000e+02
4.680000000000000000e+02 5.850000000000000000e+02
4.680000000000000000e+02 5.850000000000000000e+02
4.690000000000000000e+02 5.850000000000000000e+02
4.740000000000000000e+02 5.840000000000000000e+02
4.740000000000000000e+02 5.840000000000000000e+02
4.740000000000000000e+02 5.840000000000000000e+02
4.740000000000000000e+02 5.840000000000000000e+02
4.740000000000000000e+02 5.840000000000000000e+02
4.740000000000000000e+02 5.840000000000000000e+02
4.740000000000000000e+02 5.840000000000000000e+02
4.740000000000000000e+02 5.840000000000000000e+02
4.740000000000000000e+02 5.840000000000000000e+02
4.720000000000000000e+02 5.900000000000000000e+02
4.544148819460921231e+02 6.105851180539078769e+02
4.090000000000000000e+02 6.560000000000000000e+02
3.813700107040390890e+02 6.924917219108936024e+02
3.680000000000000000e+02 7.140000000000000000e+02
3.460000000000000000e+02 7.550000000000000000e+02
3.340000000000000000e+02 7.710000000000000000e+02
3.270000000000000000e+02 7.820000000000000000e+02
3.220000000000000000e+02 7.950000000000000000e+02
3.080000000000000000e+02 8.180000000000000000e+02
2.930000000000000000e+02 8.390000000000000000e+02
2.890000000000000000e+02 8.480000000000000000e+02
2.880000000000000000e+02 8.510000000000000000e+02
2.870000000000000000e+02 8.510000000000000000e+02
2.840000000000000000e+02 8.510000000000000000e+02
2.810000000000000000e+02 8.510000000000000000e+02
2.750000000000000000e+02 8.530000000000000000e+02
2.740000000000000000e+02 8.530000000000000000e+02
2.720000000000000000e+02 8.530000000000000000e+02
2.720000000000000000e+02 8.530000000000000000e+02
2.710000000000000000e+02 8.530000000000000000e+02
2.690000000000000000e+02 8.530000000000000000e+02
2.670000000000000000e+02 8.530000000000000000e+02
2.660000000000000000e+02 8.540000000000000000e+02
2.630000000000000000e+02 8.550000000000000000e+02
2.620562365847728188e+02 8.550000000000000000e+02
2.590000000000000000e+02 8.550000000000000000e+02
2.580000000000000000e+02 8.550000000000000000e+02
2.580000000000000000e+02 8.560000000000000000e+02
2.580000000000000000e+02 8.560000000000000000e+02
2.580000000000000000e+02 8.560000000000000000e+02
2.580000000000000000e+02 8.560000000000000000e+02
2.580000000000000000e+02 8.560000000000000000e+02
2.580000000000000000e+02 8.560000000000000000e+02
2.580000000000000000e+02 8.560000000000000000e+02
2.580000000000000000e+02 8.560000000000000000e+02
2.580000000000000000e+02 8.560000000000000000e+02
4.160000000000000000e+02 6.770000000000000000e+02
4.790000000000000000e+02 5.990000000000000000e+02
5.350000000000000000e+02 5.250000000000000000e+02
5.710000000000000000e+02 4.740000000000000000e+02
5.910000000000000000e+02 4.500000000000000000e+02
6.350000000000000000e+02 4.040000000000000000e+02
6.848308979089556487e+02 3.541691020910443513e+02
7.320000000000000000e+02 3.100000000000000000e+02
7.730000000000000000e+02 2.670000000000000000e+02
7.810000000000000000e+02 2.600000000000000000e+02
7.830000000000000000e+02 2.570000000000000000e+02
7.830000000000000000e+02 2.500000000000000000e+02
7.850000000000000000e+02 2.270000000000000000e+02
7.830000000000000000e+02 2.160000000000000000e+02
7.830000000000000000e+02 2.050000000000000000e+02
7.820000000000000000e+02 2.030000000000000000e+02
7.810000000000000000e+02 1.920000000000000000e+02
7.810000000000000000e+02 1.850000000000000000e+02
7.810000000000000000e+02 1.800000000000000000e+02
7.848973185555995542e+02 1.721026814444004458e+02
7.900000000000000000e+02 1.620000000000000000e+02
7.963901576225779309e+02 1.464147635661330753e+02
7.976967129773847773e+02 1.444549305339227772e+02
7.980000000000000000e+02 1.440000000000000000e+02
7.980000000000000000e+02 1.440000000000000000e+02
7.980000000000000000e+02 1.440000000000000000e+02
7.980000000000000000e+02 1.440000000000000000e+02
7.990000000000000000e+02 1.430000000000000000e+02
7.990000000000000000e+02 1.430000000000000000e+02
8.010000000000000000e+02 1.420000000000000000e+02
8.010000000000000000e+02 1.420000000000000000e+02
8.010000000000000000e+02 1.420000000000000000e+02
8.010000000000000000e+02 1.420000000000000000e+02
8.010000000000000000e+02 1.420000000000000000e+02
8.010000000000000000e+02 1.420000000000000000e+02
8.010000000000000000e+02 1.420000000000000000e+02
8.010000000000000000e+02 1.420000000000000000e+02
8.010000000000000000e+02 1.420000000000000000e+02
7.980000000000000000e+02 1.500000000000000000e+02
7.900000000000000000e+02 1.800000000000000000e+02
7.900000000000000000e+02 1.950000000000000000e+02
8.060000000000000000e+02 2.080000000000000000e+02
8.156098445595939666e+02 2.138049222797969549e+02
8.300000000000000000e+02 2.220000000000000000e+02
8.400000000000000000e+02 2.360000000000000000e+02
8.470000000000000000e+02 2.500000000000000000e+02
8.510000000000000000e+02 2.550000000000000000e+02
8.540000000000000000e+02 2.600000000000000000e+02
8.550000000000000000e+02 2.610000000000000000e+02
8.560656900943633900e+02 2.616089657682076108e+02
8.572170026476936755e+02 2.622668586558249331e+02
8.583683152010238473e+02 2.629247515434421985e+02
8.595196277543544738e+02 2.635826444310596912e+02
8.606709403076847593e+02 2.642405373186769566e+02
8.618222528610149311e+02 2.648984302062942788e+02
8.620000000000000000e+02 2.650000000000000000e+02
8.890000000000000000e+02 2.760000000000000000e+02
8.920000000000000000e+02 2.760000000000000000e+02
8.920000000000000000e+02 2.760000000000000000e+02
8.920000000000000000e+02 2.760000000000000000e+02
8.920000000000000000e+02 2.760000000000000000e+02
8.920000000000000000e+02 2.760000000000000000e+02
8.920000000000000000e+02 2.760000000000000000e+02
8.880000000000000000e+02 2.760000000000000000e+02
8.820000000000000000e+02 2.760000000000000000e+02
8.800000000000000000e+02 2.760000000000000000e+02
8.800000000000000000e+02 2.750000000000000000e+02
8.790000000000000000e+02 2.750000000000000000e+02
8.780000000000000000e+02 2.750000000000000000e+02
8.770000000000000000e+02 2.740000000000000000e+02
8.730000000000000000e+02 2.730000000000000000e+02
8.730000000000000000e+02 2.730000000000000000e+02
8.730000000000000000e+02 2.730000000000000000e+02
8.730000000000000000e+02 2.730000000000000000e+02
8.730000000000000000e+02 2.730000000000000000e+02
8.713642184102440069e+02 2.730000000000000000e+02
8.524514615320323401e+02 2.829521888148904623e+02
8.322294057461557486e+02 2.952388640435104890e+02
8.131949056883981939e+02 3.106202782315973536e+02
7.941604056306407529e+02 3.260016924196842751e+02
7.751259055728831981e+02 3.413831066077711966e+02
7.560914055151256434e+02 3.567645207958581182e+02
7.370569054573626318e+02 3.721459349839493598e+02
7.360000000000000000e+02 3.730000000000000000e+02
4.467623478883036796e+02 5.947901216893570790e+02
4.080000000000000000e+02 6.300000000000000000e+02
3.920000000000000000e+02 6.440000000000000000e+02
3.900000000000000000e+02 6.470000000000000000e+02
3.730000000000000000e+02 6.590000000000000000e+02
3.470000000000000000e+02 6.820000000000000000e+02
3.160000000000000000e+02 7.080000000000000000e+02
3.080000000000000000e+02 7.170000000000000000e+02
3.060000000000000000e+02 7.200000000000000000e+02
3.030000000000000000e+02 7.210000000000000000e+02
3.020000000000000000e+02 7.210000000000000000e+02
2.990000000000000000e+02 7.220000000000000000e+02
2.860000000000000000e+02 7.290000000000000000e+02
2.690000000000000000e+02 7.370000000000000000e+02
2.650000000000000000e+02 7.370000000000000000e+02
2.570000000000000000e+02 7.370000000000000000e+02
2.500000000000000000e+02 7.350000000000000000e+02
2.290000000000000000e+02 7.400000000000000000e+02
2.270000000000000000e+02 7.400000000000000000e+02
2.274831583202895331e+02 7.404831583202895899e+02
2.280000000000000000e+02 7.410000000000000000e+02
2.280000000000000000e+02 7.420000000000000000e+02
2.250000000000000000e+02 7.460000000000000000e+02
2.210000000000000000e+02 7.500000000000000000e+02
2.193880824693095235e+02 7.536119175306904481e+02
2.180000000000000000e+02 7.540000000000000000e+02
2.110000000000000000e+02 7.580000000000000000e+02
2.090000000000000000e+02 7.580000000000000000e+02
2.090000000000000000e+02 7.580000000000000000e+02
2.100000000000000000e+02 7.580000000000000000e+02
2.100000000000000000e+02 7.580000000000000000e+02
2.110000000000000000e+02 7.580000000000000000e+02
2.140000000000000000e+02 7.580000000000000000e+02
2.150000000000000000e+02 7.590000000000000000e+02
2.200000000000000000e+02 7.560000000000000000e+02
2.360000000000000000e+02 7.260000000000000000e+02
2.400000000000000000e+02 6.990000000000000000e+02
2.270000000000000000e+02 6.540000000000000000e+02
2.120000000000000000e+02 6.140000000000000000e+02
2.040000000000000000e+02 5.800000000000000000e+02
1.970000000000000000e+02 5.610000000000000000e+02
1.860000000000000000e+02 5.300000000000000000e+02
1.830000000000000000e+02 5.080000000000000000e+02
1.830000000000000000e+02 4.850000000000000000e+02
1.831992135659925793e+02 4.712031457360296258e+02
1.850000000000000000e+02 4.580000000000000000e+02
1.860000000000000000e+02 4.490000000000000000e+02
1.860000000000000000e+02 4.420000000000000000e+02
1.880000000000000000e+02 4.250000000000000000e+02
1.880000000000000000e+02 4.250000000000000000e+02
1.860000000000000000e+02 4.240000000000000000e+02
1.833590635858675455e+02 4.240000000000000000e+02
1.830000000000000000e+02 4.240000000000000000e+02
1.770000000000000000e+02 4.240000000000000000e+02
1.720000000000000000e+02 4.240000000000000000e+02
1.710000000000000000e+02 4.240000000000000000e+02
1.700000000000000000e+02 4.240000000000000000e+02
1.669033938814417581e+02 4.250966061185582134e+02
1.660000000000000000e+02 4.260000000000000000e+02
1.640000000000000000e+02 4.290000000000000000e+02
1.640000000000000000e+02 4.290000000000000000e+02
1.640000000000000000e+02 4.290000000000000000e+02
1.640000000000000000e+02 4.290000000000000000e+02
1.640000000000000000e+02 4.290000000000000000e+02
1.640000000000000000e+02 4.290000000000000000e+02
1.640000000000000000e+02 4.290000000000000000e+02
1.660000000000000000e+02 4.290000000000000000e+02
1.710000000000000000e+02 4.290000000000000000e+02
1.930000000000000000e+02 4.390000000000000000e+02
2.370000000000000000e+02 4.600000000000000000e+02
3.310000000000000000e+02 4.950000000000000000e+02
3.900000000000000000e+02 5.160000000000000000e+02
4.350000000000000000e+02 5.330000000000000000e+02
4.606884624441076426e+02 5.474917588886482918e+02
5.040000000000000000e+02 5.700000000000000000e+02
5.471350268336442468e+02 5.937416815742468543e+02
5.810000000000000000e+02 6.120000000000000000e+02
6.191846190533649406e+02 6.303948730177883135e+02
6.430000000000000000e+02 6.390000000000000000e+02
6.460000000000000000e+02 6.400000000000000000e+02
6.490000000000000000e+02 6.430000000000000000e+02
6.750000000000000000e+02 6.480000000000000000e+02
7.000000000000000000e+02 6.580000000000000000e+02
7.160000000000000000e+02 6.620000000000000000e+02
7.348267916732972935e+02 6.681307166693188719e+02
7.510000000000000000e+02 6.730000000000000000e+02
7.650846611177170189e+02 6.776948870392390063e+02
7.760000000000000000e+02 6.800000000000000000e+02
7.860317116268238351e+02 6.853439038756079071e+02
7.960000000000000000e+02 6.890000000000000000e+02
8.090000000000000000e+02 6.940000000000000000e+02
8.140000000000000000e+02 6.970000000000000000e+02
8.170000000000000000e+02 7.010000000000000000e+02
8.180000000000000000e+02 7.020000000000000000e+02
8.230000000000000000e+02 7.050000000000000000e+02
8.250000000000000000e+02 7.080000000000000000e+02
8.300000000000000000e+02 7.110000000000000000e+02
8.310000000000000000e+02 7.120000000000000000e+02
8.320000000000000000e+02 7.120000000000000000e+02
8.320000000000000000e+02 7.130000000000000000e+02
8.320000000000000000e+02 7.140000000000000000e+02
8.340000000000000000e+02 7.160000000000000000e+02
8.340000000000000000e+02 7.160000000000000000e+02
8.340000000000000000e+02 7.160000000000000000e+02
8.340000000000000000e+02 7.160000000000000000e+02
8.340000000000000000e+02 7.160000000000000000e+02
8.300000000000000000e+02 7.140000000000000000e+02
8.076778440602968203e+02 6.927583830452226721e+02
7.840000000000000000e+02 6.770000000000000000e+02
7.410000000000000000e+02 6.620000000000000000e+02
6.999611243449005542e+02 6.546580276322001737e+02
6.410000000000000000e+02 6.320000000000000000e+02
5.760000000000000000e+02 6.040000000000000000e+02
5.530000000000000000e+02 5.930000000000000000e+02
5.310000000000000000e+02 5.800000000000000000e+02
5.040000000000000000e+02 5.640000000000000000e+02
4.610000000000000000e+02 5.470000000000000000e+02
4.560000000000000000e+02 5.450000000000000000e+02
4.530000000000000000e+02 5.440000000000000000e+02
4.480000000000000000e+02 5.390000000000000000e+02
4.400000000000000000e+02 5.320000000000000000e+02
4.330000000000000000e+02 5.290000000000000000e+02
4.320000000000000000e+02 5.290000000000000000e+02
4.320000000000000000e+02 5.290000000000000000e+02
4.320000000000000000e+02 5.290000000000000000e+02
4.320000000000000000e+02 5.290000000000000000e+02
4.330000000000000000e+02 5.290000000000000000e+02
4.340000000000000000e+02 5.300000000000000000e+02
4.350000000000000000e+02 5.310000000000000000e+02
4.380000000000000000e+02 5.320000000000000000e+02
4.410000000000000000e+02 5.350000000000000000e+02
4.420000000000000000e+02 5.350000000000000000e+02
4.420000000000000000e+02 5.350000000000000000e+02
4.420000000000000000e+02 5.350000000000000000e+02
4.420000000000000000e+02 5.350000000000000000e+02
4.420000000000000000e+02 5.350000000000000000e+02
4.420000000000000000e+02 5.350000000000000000e+02
4.410000000000000000e+02 5.270000000000000000e+02
4.290000000000000000e+02 5.110000000000000000e+02
4.071280774162274270e+02 4.972768464497364675e+02
3.889866590029612894e+02 4.863919954017767964e+02
3.708452405896951518e+02 4.755071443538170683e+02
3.700000000000000000e+02 4.750000000000000000e+02
3.430000000000000000e+02 4.550000000000000000e+02
3.420000000000000000e+02 4.540000000000000000e+02
3.350000000000000000e+02 4.490000000000000000e+02
3.260000000000000000e+02 4.420000000000000000e+02
3.200000000000000000e+02 4.370000000000000000e+02
3.190000000000000000e+02 4.370000000000000000e+02
3.190000000000000000e+02 4.370000000000000000e+02
3.180000000000000000e+02 4.360000000000000000e+02
3.160000000000000000e+02 4.340000000000000000e+02
3.140000000000000000e+02 4.340000000000000000e+02
3.110000000000000000e+02 4.330000000000000000e+02
3.110000000000000000e+02 4.330000000000000000e+02
3.100000000000000000e+02 4.330000000000000000e+02
3.100000000000000000e+02 4.330000000000000000e+02
3.080000000000000000e+02 4.320000000000000000e+02
3.080000000000000000e+02 4.320000000000000000e+02
3.060000000000000000e+02 4.320000000000000000e+02
3.060000000000000000e+02 4.320000000000000000e+02
3.060000000000000000e+02 4.320000000000000000e+02
3.060000000000000000e+02 4.320000000000000000e+02
3.060000000000000000e+02 4.320000000000000000e+02
3.060000000000000000e+02 4.320000000000000000e+02
3.060000000000000000e+02 4.320000000000000000e+02
3.060000000000000000e+02 4.320000000000000000e+02
3.060000000000000000e+02 4.320000000000000000e+02
3.060000000000000000e+02 4.320000000000000000e+02
3.060000000000000000e+02 4.320000000000000000e+02
