9.660000000000000000e+02 4.590000000000000000e+02
9.660000000000000000e+02 4.590000000000000000e+02
9.660000000000000000e+02 4.590000000000000000e+02
9.660000000000000000e+02 4.590000000000000000e+02
9.660000000000000000e+02 4.590000000000000000e+02
9.660000000000000000e+02 4.590000000000000000e+02
9.660000000000000000e+02 4.590000000000000000e+02
9.660000000000000000e+02 4.590000000000000000e+02
9.660000000000000000e+02 4.590000000000000000e+02
9.660000000000000000e+02 4.590000000000000000e+02
9.660000000000000000e+02 4.590000000000000000e+02
9.660000000000000000e+02 4.590000000000000000e+02
9.660000000000000000e+02 4.590000000000000000e+02
9.660000000000000000e+02 4.590000000000000000e+02
9.660000000000000000e+02 4.590000000000000000e+02
9.660000000000000000e+02 4.590000000000000000e+02
9.660000000000000000e+02 4.590000000000000000e+02
9.660000000000000000e+02 4.590000000000000000e+02
9.660000000000000000e+02 4.590000000000000000e+02
9.660000000000000000e+02 4.590000000000000000e+02
9.660000000000000000e+02 4.590000000000000000e+02
9.660000000000000000e+02 4.590000000000000000e+02
9.660000000000000000e+02 4.590000000000000000e+02
9.660000000000000000e+02 4.590000000000000000e+02
9.660000000000000000e+02 4.590000000000000000e+02
9.660000000000000000e+02 4.590000000000000000e+02
9.660000000000000000e+02 4.590000000000000000e+02
9.660000000000000000e+02 4.590000000000000000e+02
9.660000000000000000e+02 4.590000000000000000e+02
9.660000000000000000e+02 4.590000000000000000e+02
9.660000000000000000e+02 4.590000000000000000e+02
9.660000000000000000e+02 4.590000000000000000e+02
9.660000000000000000e+02 4.590000000000000000e+02
9.660000000000000000e+02 4.590000000000000000e+02
9.660000000000000000e+02 4.590000000000000000e+02
9.660000000000000000e+02 4.590000000000000000e+02
9.660000000000000000e+02 4.590000000000000000e+02
9.660000000000000000e+02 4.590000000000000000e+02
9.660000000000000000e+02 4.590000000000000000e+02
9.660000000000000000e+02 4.590000000000000000e+02
9.660000000000000000e+02 4.590000000000000000e+02
9.660000000000000000e+02 4.590000000000000000e+02
9.660000000000000000e+02 4.590000000000000000e+02
9.660000000000000000e+02 4.590000000000000000e+02
9.660000000000000000e+02 4.590000000000000000e+02
9.660000000000000000e+02 4.590000000000000000e+02
9.660000000000000000e+02 4.590000000000000000e+02
9.660000000000000000e+02 4.590000000000000000e+02
9.660000000000000000e+02 4.590000000000000000e+02
9.660000000000000000e+02 4.590000000000000000e+02
9.660000000000000000e+02 4.590000000000000000e+02
9.660000000000000000e+02 4.590000000000000000e+02
9.660000000000000000e+02 4.590000000000000000e+02
9.660000000000000000e+02 4.590000000000000000e+02
9.660000000000000000e+02 4.590000000000000000e+02
9.660000000000000000e+02 4.590000000000000000e+02
9.660000000000000000e+02 4.590000000000000000e+02
9.660000000000000000e+02 4.590000000000000000e+02
9.660000000000000000e+02 4.590000000000000000e+02
9.660000000000000000e+02 4.590000000000000000e+02
9.660000000000000000e+02 4.590000000000000000e+02
9.660000000000000000e+02 4.590000000000000000e+02
9.660000000000000000e+02 4.590000000000000000e+02
9.660000000000000000e+02 4.590000000000000000e+02
9.660000000000000000e+02 4.590000000000000000e+02
9.660000000000000000e+02 4.590000000000000000e+02
9.660000000000000000e+02 4.590000000000000000e+02
9.660000000000000000e+02 4.590000000000000000e+02
9.660000000000000000e+02 4.590000000000000000e+02
9.660000000000000000e+02 4.590000000000000000e+02
9.660000000000000000e+02 4.590000000000000000e+02
9.660000000000000000e+02 4.590000000000000000e+02
9.660000000000000000e+02 4.590000000000000000e+02
9.660000000000000000e+02 4.590000000000000000e+02
9.660000000000000000e+02 4.590000000000000000e+02
9.660000000000000000e+02 4.590000000000000000e+02
9.660000000000000000e+02 4.590000000000000000e+02
9.660000000000000000e+02 4.590000000000000000e+02
9.660000000000000000e+02 4.590000000000000000e+02
9.660000000000000000e+02 4.590000000000000000e+02
9.660000000000000000e+02 4.590000000000000000e+02
9.660000000000000000e+02 4.590000000000000000e+02
9.660000000000000000e+02 4.590000000000000000e+02
9.660000000000000000e+02 4.590000000000000000e+02
9.660000000000000000e+02 4.590000000000000000e+02
9.660000000000000000e+02 4.590000000000000000e+02
9.660000000000000000e+02 4.590000000000000000e+02
9.660000000000000000e+02 4.590000000000000000e+02
9.660000000000000000e+02 4.590000000000000000e+02
9.660000000000000000e+02 4.590000000000000000e+02
9.660000000000000000e+02 4.590000000000000000e+02
7.040000000000000000e+02 8.700000000000000000e+01
7.040000000000000000e+02 8.700000000000000000e+01
7.040000000000000000e+02 8.700000000000000000e+01
7.040000000000000000e+02 8.700000000000000000e+01
7.040000000000000000e+02 8.700000000000000000e+01
7.040000000000000000e+02 8.700000000000000000e+01
7.040000000000000000e+02 8.700000000000000000e+01
7.040000000000000000e+02 8.700000000000000000e+01
7.040000000000000000e+02 8.700000000000000000e+01
7.040000000000000000e+02 8.700000000000000000e+01
7.040000000000000000e+02 8.700000000000000000e+01
7.040000000000000000e+02 8.700000000000000000e+01
7.040000000000000000e+02 8.700000000000000000e+01
7.040000000000000000e+02 8.700000000000000000e+01
7.040000000000000000e+02 8.700000000000000000e+01
7.040000000000000000e+02 8.700000000000000000e+01
7.040000000000000000e+02 8.700000000000000000e+01
7.040000000000000000e+02 8.700000000000000000e+01
7.040000000000000000e+02 8.700000000000000000e+01
7.040000000000000000e+02 8.700000000000000000e+01
7.040000000000000000e+02 8.700000000000000000e+01
7.040000000000000000e+02 8.700000000000000000e+01
7.040000000000000000e+02 8.700000000000000000e+01
7.040000000000000000e+02 8.700000000000000000e+01
7.040000000000000000e+02 8.700000000000000000e+01
7.040000000000000000e+02 8.700000000000000000e+01
7.040000000000000000e+02 8.700000000000000000e+01
7.040000000000000000e+02 8.700000000000000000e+01
7.040000000000000000e+02 8.700000000000000000e+01
7.040000000000000000e+02 8.700000000000000000e+01
7.040000000000000000e+02 8.700000000000000000e+01
7.040000000000000000e+02 8.700000000000000000e+01
7.040000000000000000e+02 8.700000000000000000e+01
7.040000000000000000e+02 8.700000000000000000e+01
7.040000000000000000e+02 8.700000000000000000e+01
7.040000000000000000e+02 8.700000000000000000e+01
7.040000000000000000e+02 8.700000000000000000e+01
7.040000000000000000e+02 8.700000000000000000e+01
7.040000000000000000e+02 8.700000000000000000e+01
7.040000000000000000e+02 8.700000000000000000e+01
7.040000000000000000e+02 8.700000000000000000e+01
7.040000000000000000e+02 8.700000000000000000e+01
7.040000000000000000e+02 8.700000000000000000e+01
7.040000000000000000e+02 8.700000000000000000e+01
7.040000000000000000e+02 8.700000000000000000e+01
7.040000000000000000e+02 8.700000000000000000e+01
7.040000000000000000e+02 8.700000000000000000e+01
7.040000000000000000e+02 8.700000000000000000e+01
7.040000000000000000e+02 8.700000000000000000e+01
7.040000000000000000e+02 8.700000000000000000e+01
7.040000000000000000e+02 8.700000000000000000e+01
7.040000000000000000e+02 8.700000000000000000e+01
7.040000000000000000e+02 8.700000000000000000e+01
7.040000000000000000e+02 8.700000000000000000e+01
7.040000000000000000e+02 8.700000000000000000e+01
7.040000000000000000e+02 8.700000000000000000e+01
7.040000000000000000e+02 8.700000000000000000e+01
7.040000000000000000e+02 8.700000000000000000e+01
7.040000000000000000e+02 8.700000000000000000e+01
7.040000000000000000e+02 8.700000000000000000e+01
7.040000000000000000e+02 8.700000000000000000e+01
7.040000000000000000e+02 8.700000000000000000e+01
7.040000000000000000e+02 8.700000000000000000e+01
7.040000000000000000e+02 8.700000000000000000e+01
7.040000000000000000e+02 8.700000000000000000e+01
7.040000000000000000e+02 8.700000000000000000e+01
7.040000000000000000e+02 8.700000000000000000e+01
7.040000000000000000e+02 8.700000000000000000e+01
7.040000000000000000e+02 8.700000000000000000e+01
7.040000000000000000e+02 8.700000000000000000e+01
7.040000000000000000e+02 8.700000000000000000e+01
7.040000000000000000e+02 8.700000000000000000e+01
3.920000000000000000e+02 3.500000000000000000e+02
3.920000000000000000e+02 3.500000000000000000e+02
3.920000000000000000e+02 3.500000000000000000e+02
3.920000000000000000e+02 3.500000000000000000e+02
3.920000000000000000e+02 3.500000000000000000e+02
3.920000000000000000e+02 3.500000000000000000e+02
3.920000000000000000e+02 3.500000000000000000e+02
3.920000000000000000e+02 3.500000000000000000e+02
3.920000000000000000e+02 3.500000000000000000e+02
3.920000000000000000e+02 3.500000000000000000e+02
3.920000000000000000e+02 3.500000000000000000e+02
3.920000000000000000e+02 3.500000000000000000e+02
3.920000000000000000e+02 3.500000000000000000e+02
3.920000000000000000e+02 3.500000000000000000e+02
3.920000000000000000e+02 3.500000000000000000e+02
3.920000000000000000e+02 3.500000000000000000e+02
3.920000000000000000e+02 3.500000000000000000e+02
3.920000000000000000e+02 3.500000000000000000e+02
3.920000000000000000e+02 3.500000000000000000e+02
3.920000000000000000e+02 3.500000000000000000e+02
3.920000000000000000e+02 3.500000000000000000e+02
3.920000000000000000e+02 3.500000000000000000e+02
3.920000000000000000e+02 3.500000000000000000e+02
3.920000000000000000e+02 3.500000000000000000e+02
3.920000000000000000e+02 3.500000000000000000e+02
3.920000000000000000e+02 3.500000000000000000e+02
3.920000000000000000e+02 3.500000000000000000e+02
3.920000000000000000e+02 3.500000000000000000e+02
3.920000000000000000e+02 3.500000000000000000e+02
3.920000000000000000e+02 3.500000000000000000e+02
3.920000000000000000e+02 3.500000000000000000e+02
3.920000000000000000e+02 3.500000000000000000e+02
3.920000000000000000e+02 3.500000000000000000e+02
3.920000000000000000e+02 3.500000000000000000e+02
3.920000000000000000e+02 3.500000000000000000e+02
3.920000000000000000e+02 3.500000000000000000e+02
3.920000000000000000e+02 3.500000000000000000e+02
3.920000000000000000e+02 3.500000000000000000e+02
3.920000000000000000e+02 3.500000000000000000e+02
3.920000000000000000e+02 3.500000000000000000e+02
3.920000000000000000e+02 3.500000000000000000e+02
3.920000000000000000e+02 3.500000000000000000e+02
3.920000000000000000e+02 3.500000000000000000e+02
3.920000000000000000e+02 3.500000000000000000e+02
3.920000000000000000e+02 3.500000000000000000e+02
3.920000000000000000e+02 3.500000000000000000e+02
3.920000000000000000e+02 3.500000000000000000e+02
3.920000000000000000e+02 3.500000000000000000e+02
3.920000000000000000e+02 3.500000000000000000e+02
3.920000000000000000e+02 3.500000000000000000e+02
3.920000000000000000e+02 3.500000000000000000e+02
3.920000000000000000e+02 3.500000000000000000e+02
3.920000000000000000e+02 3.500000000000000000e+02
3.920000000000000000e+02 3.500000000000000000e+02
3.920000000000000000e+02 3.500000000000000000e+02
3.920000000000000000e+02 3.500000000000000000e+02
3.920000000000000000e+02 3.500000000000000000e+02
3.920000000000000000e+02 3.500000000000000000e+02
3.920000000000000000e+02 3.500000000000000000e+02
3.920000000000000000e+02 3.500000000000000000e+02
3.920000000000000000e+02 3.500000000000000000e+02
3.920000000000000000e+02 3.500000000000000000e+02
3.920000000000000000e+02 3.500000000000000000e+02
3.920000000000000000e+02 3.500000000000000000e+02
3.920000000000000000e+02 3.500000000000000000e+02
3.920000000000000000e+02 3.500000000000000000e+02
3.920000000000000000e+02 3.500000000000000000e+02
2.840000000000000000e+02 3.880000000000000000e+02
2.840000000000000000e+02 3.880000000000000000e+02
2.840000000000000000e+02 3.880000000000000000e+02
2.840000000000000000e+02 3.880000000000000000e+02
2.840000000000000000e+02 3.880000000000000000e+02
2.840000000000000000e+02 3.880000000000000000e+02
2.840000000000000000e+02 3.880000000000000000e+02
2.840000000000000000e+02 3.880000000000000000e+02
2.840000000000000000e+02 3.880000000000000000e+02
2.840000000000000000e+02 3.880000000000000000e+02
2.840000000000000000e+02 3.880000000000000000e+02
2.840000000000000000e+02 3.880000000000000000e+02
2.840000000000000000e+02 3.880000000000000000e+02
2.840000000000000000e+02 3.880000000000000000e+02
2.840000000000000000e+02 3.880000000000000000e+02
2.840000000000000000e+02 3.880000000000000000e+02
2.840000000000000000e+02 3.880000000000000000e+02
2.840000000000000000e+02 3.880000000000000000e+02
2.840000000000000000e+02 3.880000000000000000e+02
2.840000000000000000e+02 3.880000000000000000e+02
2.840000000000000000e+02 3.880000000000000000e+02
2.840000000000000000e+02 3.880000000000000000e+02
2.840000000000000000e+02 3.880000000000000000e+02
2.840000000000000000e+02 3.880000000000000000e+02
2.840000000000000000e+02 3.880000000000000000e+02
2.840000000000000000e+02 3.880000000000000000e+02
2.840000000000000000e+02 3.880000000000000000e+02
2.840000000000000000e+02 3.880000000000000000e+02
2.840000000000000000e+02 3.880000000000000000e+02
2.840000000000000000e+02 3.880000000000000000e+02
2.840000000000000000e+02 3.880000000000000000e+02
2.840000000000000000e+02 3.880000000000000000e+02
2.840000000000000000e+02 3.880000000000000000e+02
2.840000000000000000e+02 3.880000000000000000e+02
2.840000000000000000e+02 3.880000000000000000e+02
2.840000000000000000e+02 3.880000000000000000e+02
8.020000000000000000e+02 7.450000000000000000e+02
8.020000000000000000e+02 7.450000000000000000e+02
8.020000000000000000e+02 7.450000000000000000e+02
8.020000000000000000e+02 7.450000000000000000e+02
8.020000000000000000e+02 7.450000000000000000e+02
8.020000000000000000e+02 7.450000000000000000e+02
8.020000000000000000e+02 7.450000000000000000e+02
8.020000000000000000e+02 7.450000000000000000e+02
8.020000000000000000e+02 7.450000000000000000e+02
8.020000000000000000e+02 7.450000000000000000e+02
8.020000000000000000e+02 7.450000000000000000e+02
8.020000000000000000e+02 7.450000000000000000e+02
8.020000000000000000e+02 7.450000000000000000e+02
8.020000000000000000e+02 7.450000000000000000e+02
8.020000000000000000e+02 7.450000000000000000e+02
8.020000000000000000e+02 7.450000000000000000e+02
8.020000000000000000e+02 7.450000000000000000e+02
8.020000000000000000e+02 7.450000000000000000e+02
8.020000000000000000e+02 7.450000000000000000e+02
8.020000000000000000e+02 7.450000000000000000e+02
8.020000000000000000e+02 7.450000000000000000e+02
8.020000000000000000e+02 7.450000000000000000e+02
8.020000000000000000e+02 7.450000000000000000e+02
8.020000000000000000e+02 7.450000000000000000e+02
8.020000000000000000e+02 7.450000000000000000e+02
8.020000000000000000e+02 7.450000000000000000e+02
8.020000000000000000e+02 7.450000000000000000e+02
8.020000000000000000e+02 7.450000000000000000e+02
8.020000000000000000e+02 7.450000000000000000e+02
8.020000000000000000e+02 7.450000000000000000e+02
8.020000000000000000e+02 7.450000000000000000e+02
8.020000000000000000e+02 7.450000000000000000e+02
8.020000000000000000e+02 7.450000000000000000e+02
8.020000000000000000e+02 7.450000000000000000e+02
8.020000000000000000e+02 7.450000000000000000e+02
8.020000000000000000e+02 7.450000000000000000e+02
8.020000000000000000e+02 7.450000000000000000e+02
8.020000000000000000e+02 7.450000000000000000e+02
8.020000000000000000e+02 7.450000000000000000e+02
8.020000000000000000e+02 7.450000000000000000e+02
8.020000000000000000e+02 7.450000000000000000e+02
8.020000000000000000e+02 7.450000000000000000e+02
8.020000000000000000e+02 7.450000000000000000e+02
8.020000000000000000e+02 7.450000000000000000e+02
8.020000000000000000e+02 7.450000000000000000e+02
8.020000000000000000e+02 7.450000000000000000e+02
8.020000000000000000e+02 7.450000000000000000e+02
8.020000000000000000e+02 7.450000000000000000e+02
8.020000000000000000e+02 7.450000000000000000e+02
8.020000000000000000e+02 7.450000000000000000e+02
8.020000000000000000e+02 7.450000000000000000e+02
8.020000000000000000e+02 7.450000000000000000e+02
8.020000000000000000e+02 7.450000000000000000e+02
8.020000000000000000e+02 7.450000000000000000e+02
8.020000000000000000e+02 7.450000000000000000e+02
8.020000000000000000e+02 7.450000000000000000e+02
8.020000000000000000e+02 7.450000000000000000e+02
8.020000000000000000e+02 7.450000000000000000e+02
8.020000000000000000e+02 7.450000000000000000e+02
8.020000000000000000e+02 7.450000000000000000e+02
8.020000000000000000e+02 7.450000000000000000e+02
8.020000000000000000e+02 7.450000000000000000e+02
8.020000000000000000e+02 7.450000000000000000e+02
8.020000000000000000e+02 7.450000000000000000e+02
8.020000000000000000e+02 7.450000000000000000e+02
8.020000000000000000e+02 7.450000000000000000e+02
8.020000000000000000e+02 7.450000000000000000e+02
8.020000000000000000e+02 7.450000000000000000e+02
8.020000000000000000e+02 7.450000000000000000e+02
8.020000000000000000e+02 7.450000000000000000e+02
5.620000000000000000e+02 8.430000000000000000e+02
5.620000000000000000e+02 8.430000000000000000e+02
5.620000000000000000e+02 8.430000000000000000e+02
5.620000000000000000e+02 8.430000000000000000e+02
5.620000000000000000e+02 8.430000000000000000e+02
5.620000000000000000e+02 8.430000000000000000e+02
5.620000000000000000e+02 8.430000000000000000e+02
5.620000000000000000e+02 8.430000000000000000e+02
5.620000000000000000e+02 8.430000000000000000e+02
5.620000000000000000e+02 8.430000000000000000e+02
5.620000000000000000e+02 8.430000000000000000e+02
5.620000000000000000e+02 8.430000000000000000e+02
5.620000000000000000e+02 8.430000000000000000e+02
5.620000000000000000e+02 8.430000000000000000e+02
5.620000000000000000e+02 8.430000000000000000e+02
5.620000000000000000e+02 8.430000000000000000e+02
5.620000000000000000e+02 8.430000000000000000e+02
5.620000000000000000e+02 8.430000000000000000e+02
5.620000000000000000e+02 8.430000000000000000e+02
5.620000000000000000e+02 8.430000000000000000e+02
5.620000000000000000e+02 8.430000000000000000e+02
5.620000000000000000e+02 8.430000000000000000e+02
5.620000000000000000e+02 8.430000000000000000e+02
5.620000000000000000e+02 8.430000000000000000e+02
5.620000000000000000e+02 8.430000000000000000e+02
5.620000000000000000e+02 8.430000000000000000e+02
5.620000000000000000e+02 8.430000000000000000e+02
5.620000000000000000e+02 8.430000000000000000e+02
5.620000000000000000e+02 8.430000000000000000e+02
5.620000000000000000e+02 8.430000000000000000e+02
5.620000000000000000e+02 8.430000000000000000e+02
5.620000000000000000e+02 8.430000000000000000e+02
5.620000000000000000e+02 8.430000000000000000e+02
8.490000000000000000e+02 5.150000000000000000e+02
8.490000000000000000e+02 5.150000000000000000e+02
8.490000000000000000e+02 5.150000000000000000e+02
8.490000000000000000e+02 5.150000000000000000e+02
8.490000000000000000e+02 5.150000000000000000e+02
8.490000000000000000e+02 5.150000000000000000e+02
8.490000000000000000e+02 5.150000000000000000e+02
8.490000000000000000e+02 5.150000000000000000e+02
8.490000000000000000e+02 5.150000000000000000e+02
8.490000000000000000e+02 5.150000000000000000e+02
8.490000000000000000e+02 5.150000000000000000e+02
8.490000000000000000e+02 5.150000000000000000e+02
8.490000000000000000e+02 5.150000000000000000e+02
8.490000000000000000e+02 5.150000000000000000e+02
8.490000000000000000e+02 5.150000000000000000e+02
8.490000000000000000e+02 5.150000000000000000e+02
8.490000000000000000e+02 5.150000000000000000e+02
8.490000000000000000e+02 5.150000000000000000e+02
8.490000000000000000e+02 5.150000000000000000e+02
8.490000000000000000e+02 5.150000000000000000e+02
8.490000000000000000e+02 5.150000000000000000e+02
8.490000000000000000e+02 5.150000000000000000e+02
8.490000000000000000e+02 5.150000000000000000e+02
8.490000000000000000e+02 5.150000000000000000e+02
8.490000000000000000e+02 5.150000000000000000e+02
8.490000000000000000e+02 5.150000000000000000e+02
8.490000000000000000e+02 5.150000000000000000e+02
8.490000000000000000e+02 5.150000000000000000e+02
8.490000000000000000e+02 5.150000000000000000e+02
8.490000000000000000e+02 5.150000000000000000e+02
8.490000000000000000e+02 5.150000000000000000e+02
8.490000000000000000e+02 5.150000000000000000e+02
8.490000000000000000e+02 5.150000000000000000e+02
8.490000000000000000e+02 5.150000000000000000e+02
8.490000000000000000e+02 5.150000000000000000e+02
8.490000000000000000e+02 5.150000000000000000e+02
8.490000000000000000e+02 5.150000000000000000e+02
8.490000000000000000e+02 5.150000000000000000e+02
8.490000000000000000e+02 5.150000000000000000e+02
8.490000000000000000e+02 5.150000000000000000e+02
8.490000000000000000e+02 5.150000000000000000e+02
8.490000000000000000e+02 5.150000000000000000e+02
8.490000000000000000e+02 5.150000000000000000e+02
8.490000000000000000e+02 5.150000000000000000e+02
8.490000000000000000e+02 5.150000000000000000e+02
8.490000000000000000e+02 5.150000000000000000e+02
8.490000000000000000e+02 5.150000000000000000e+02
8.490000000000000000e+02 5.150000000000000000e+02
8.490000000000000000e+02 5.150000000000000000e+02
8.490000000000000000e+02 5.150000000000000000e+02
8.490000000000000000e+02 5.150000000000000000e+02
8.490000000000000000e+02 5.150000000000000000e+02
8.490000000000000000e+02 5.150000000000000000e+02
8.490000000000000000e+02 5.150000000000000000e+02
8.490000000000000000e+02 5.150000000000000000e+02
8.490000000000000000e+02 5.150000000000000000e+02
8.490000000000000000e+02 5.150000000000000000e+02
8.490000000000000000e+02 5.150000000000000000e+02
8.490000000000000000e+02 5.150000000000000000e+02
8.490000000000000000e+02 5.150000000000000000e+02
8.490000000000000000e+02 5.150000000000000000e+02
8.490000000000000000e+02 5.150000000000000000e+02
8.490000000000000000e+02 5.150000000000000000e+02
8.490000000000000000e+02 5.150000000000000000e+02
8.490000000000000000e+02 5.150000000000000000e+02
2.950000000000000000e+02 7.210000000000000000e+02
2.950000000000000000e+02 7.210000000000000000e+02
2.950000000000000000e+02 7.210000000000000000e+02
2.950000000000000000e+02 7.210000000000000000e+02
2.950000000000000000e+02 7.210000000000000000e+02
2.950000000000000000e+02 7.210000000000000000e+02
2.950000000000000000e+02 7.210000000000000000e+02
2.950000000000000000e+02 7.210000000000000000e+02
2.950000000000000000e+02 7.210000000000000000e+02
2.950000000000000000e+02 7.210000000000000000e+02
2.950000000000000000e+02 7.210000000000000000e+02
2.950000000000000000e+02 7.210000000000000000e+02
2.950000000000000000e+02 7.210000000000000000e+02
2.950000000000000000e+02 7.210000000000000000e+02
2.950000000000000000e+02 7.210000000000000000e+02
2.950000000000000000e+02 7.210000000000000000e+02
2.950000000000000000e+02 7.210000000000000000e+02
2.950000000000000000e+02 7.210000000000000000e+02
2.950000000000000000e+02 7.210000000000000000e+02
2.950000000000000000e+02 7.210000000000000000e+02
2.950000000000000000e+02 7.210000000000000000e+02
2.950000000000000000e+02 7.210000000000000000e+02
2.950000000000000000e+02 7.210000000000000000e+02
2.950000000000000000e+02 7.210000000000000000e+02
2.950000000000000000e+02 7.210000000000000000e+02
2.950000000000000000e+02 7.210000000000000000e+02
2.950000000000000000e+02 7.210000000000000000e+02
2.950000000000000000e+02 7.210000000000000000e+02
2.950000000000000000e+02 7.210000000000000000e+02
2.950000000000000000e+02 7.210000000000000000e+02
2.950000000000000000e+02 7.210000000000000000e+02
2.950000000000000000e+02 7.210000000000000000e+02
2.950000000000000000e+02 7.210000000000000000e+02
2.950000000000000000e+02 7.210000000000000000e+02
2.950000000000000000e+02 7.210000000000000000e+02
2.950000000000000000e+02 7.210000000000000000e+02
2.950000000000000000e+02 7.210000000000000000e+02
2.950000000000000000e+02 7.210000000000000000e+02
2.950000000000000000e+02 7.210000000000000000e+02
2.950000000000000000e+02 7.210000000000000000e+02
2.950000000000000000e+02 7.210000000000000000e+02
2.950000000000000000e+02 7.210000000000000000e+02
2.950000000000000000e+02 7.210000000000000000e+02
2.950000000000000000e+02 7.210000000000000000e+02
7.770000000000000000e+02 8.480000000000000000e+02
7.770000000000000000e+02 8.480000000000000000e+02
7.770000000000000000e+02 8.480000000000000000e+02
7.770000000000000000e+02 8.480000000000000000e+02
7.770000000000000000e+02 8.480000000000000000e+02
7.770000000000000000e+02 8.480000000000000000e+02
7.770000000000000000e+02 8.480000000000000000e+02
7.770000000000000000e+02 8.480000000000000000e+02
7.770000000000000000e+02 8.480000000000000000e+02
7.770000000000000000e+02 8.480000000000000000e+02
7.770000000000000000e+02 8.480000000000000000e+02
7.770000000000000000e+02 8.480000000000000000e+02
7.770000000000000000e+02 8.480000000000000000e+02
7.770000000000000000e+02 8.480000000000000000e+02
7.770000000000000000e+02 8.480000000000000000e+02
7.770000000000000000e+02 8.480000000000000000e+02
7.770000000000000000e+02 8.480000000000000000e+02
7.770000000000000000e+02 8.480000000000000000e+02
7.770000000000000000e+02 8.480000000000000000e+02
7.770000000000000000e+02 8.480000000000000000e+02
7.770000000000000000e+02 8.480000000000000000e+02
7.770000000000000000e+02 8.480000000000000000e+02
7.770000000000000000e+02 8.480000000000000000e+02
7.770000000000000000e+02 8.480000000000000000e+02
7.770000000000000000e+02 8.480000000000000000e+02
7.770000000000000000e+02 8.480000000000000000e+02
7.770000000000000000e+02 8.480000000000000000e+02
7.770000000000000000e+02 8.480000000000000000e+02
7.770000000000000000e+02 8.480000000000000000e+02
7.770000000000000000e+02 8.480000000000000000e+02
7.770000000000000000e+02 8.480000000000000000e+02
7.770000000000000000e+02 8.480000000000000000e+02
7.770000000000000000e+02 8.480000000000000000e+02
7.770000000000000000e+02 8.480000000000000000e+02
7.640000000000000000e+02 9.500000000000000000e+01
7.640000000000000000e+02 9.500000000000000000e+01
7.640000000000000000e+02 9.500000000000000000e+01
7.640000000000000000e+02 9.500000000000000000e+01
7.640000000000000000e+02 9.500000000000000000e+01
7.640000000000000000e+02 9.500000000000000000e+01
7.640000000000000000e+02 9.500000000000000000e+01
7.640000000000000000e+02 9.500000000000000000e+01
7.640000000000000000e+02 9.500000000000000000e+01
7.640000000000000000e+02 9.500000000000000000e+01
7.640000000000000000e+02 9.500000000000000000e+01
7.640000000000000000e+02 9.500000000000000000e+01
7.640000000000000000e+02 9.500000000000000000e+01
7.640000000000000000e+02 9.500000000000000000e+01
7.640000000000000000e+02 9.500000000000000000e+01
7.640000000000000000e+02 9.500000000000000000e+01
7.640000000000000000e+02 9.500000000000000000e+01
7.640000000000000000e+02 9.500000000000000000e+01
7.640000000000000000e+02 9.500000000000000000e+01
7.640000000000000000e+02 9.500000000000000000e+01
7.640000000000000000e+02 9.500000000000000000e+01
7.640000000000000000e+02 9.500000000000000000e+01
7.640000000000000000e+02 9.500000000000000000e+01
7.640000000000000000e+02 9.500000000000000000e+01
7.640000000000000000e+02 9.500000000000000000e+01
7.640000000000000000e+02 9.500000000000000000e+01
7.640000000000000000e+02 9.500000000000000000e+01
7.640000000000000000e+02 9.500000000000000000e+01
7.640000000000000000e+02 9.500000000000000000e+01
7.640000000000000000e+02 9.500000000000000000e+01
7.640000000000000000e+02 9.500000000000000000e+01
7.640000000000000000e+02 9.500000000000000000e+01
7.640000000000000000e+02 9.500000000000000000e+01
7.640000000000000000e+02 9.500000000000000000e+01
7.640000000000000000e+02 9.500000000000000000e+01
7.640000000000000000e+02 9.500000000000000000e+01
7.640000000000000000e+02 9.500000000000000000e+01
7.640000000000000000e+02 9.500000000000000000e+01
7.640000000000000000e+02 9.500000000000000000e+01
7.640000000000000000e+02 9.500000000000000000e+01
7.640000000000000000e+02 9.500000000000000000e+01
7.640000000000000000e+02 9.500000000000000000e+01
7.640000000000000000e+02 9.500000000000000000e+01
7.640000000000000000e+02 9.500000000000000000e+01
7.640000000000000000e+02 9.500000000000000000e+01
7.640000000000000000e+02 9.500000000000000000e+01
7.640000000000000000e+02 9.500000000000000000e+01
7.640000000000000000e+02 9.500000000000000000e+01
7.640000000000000000e+02 9.500000000000000000e+01
7.640000000000000000e+02 9.500000000000000000e+01
7.640000000000000000e+02 9.500000000000000000e+01
7.640000000000000000e+02 9.500000000000000000e+01
7.640000000000000000e+02 9.500000000000000000e+01
7.640000000000000000e+02 9.500000000000000000e+01
7.640000000000000000e+02 9.500000000000000000e+01
7.640000000000000000e+02 9.500000000000000000e+01
7.640000000000000000e+02 9.500000000000000000e+01
7.640000000000000000e+02 9.500000000000000000e+01
7.640000000000000000e+02 9.500000000000000000e+01
7.640000000000000000e+02 9.500000000000000000e+01
7.640000000000000000e+02 9.500000000000000000e+01
7.220000000000000000e+02 7.050000000000000000e+02
7.220000000000000000e+02 7.050000000000000000e+02
7.220000000000000000e+02 7.050000000000000000e+02
7.220000000000000000e+02 7.050000000000000000e+02
7.220000000000000000e+02 7.050000000000000000e+02
7.220000000000000000e+02 7.050000000000000000e+02
7.220000000000000000e+02 7.050000000000000000e+02
7.220000000000000000e+02 7.050000000000000000e+02
7.220000000000000000e+02 7.050000000000000000e+02
7.220000000000000000e+02 7.050000000000000000e+02
7.220000000000000000e+02 7.050000000000000000e+02
7.220000000000000000e+02 7.050000000000000000e+02
7.220000000000000000e+02 7.050000000000000000e+02
7.220000000000000000e+02 7.050000000000000000e+02
7.220000000000000000e+02 7.050000000000000000e+02
7.220000000000000000e+02 7.050000000000000000e+02
7.220000000000000000e+02 7.050000000000000000e+02
7.220000000000000000e+02 7.050000000000000000e+02
7.220000000000000000e+02 7.050000000000000000e+02
7.220000000000000000e+02 7.050000000000000000e+02
7.220000000000000000e+02 7.050000000000000000e+02
7.220000000000000000e+02 7.050000000000000000e+02
7.220000000000000000e+02 7.050000000000000000e+02
7.220000000000000000e+02 7.050000000000000000e+02
7.220000000000000000e+02 7.050000000000000000e+02
7.220000000000000000e+02 7.050000000000000000e+02
7.220000000000000000e+02 7.050000000000000000e+02
7.220000000000000000e+02 7.050000000000000000e+02
7.220000000000000000e+02 7.050000000000000000e+02
7.220000000000000000e+02 7.050000000000000000e+02
7.220000000000000000e+02 7.050000000000000000e+02
7.220000000000000000e+02 7.050000000000000000e+02
7.220000000000000000e+02 7.050000000000000000e+02
7.220000000000000000e+02 7.050000000000000000e+02
7.220000000000000000e+02 7.050000000000000000e+02
7.220000000000000000e+02 7.050000000000000000e+02
1.260000000000000000e+02 2.790000000000000000e+02
1.260000000000000000e+02 2.790000000000000000e+02
1.260000000000000000e+02 2.790000000000000000e+02
1.260000000000000000e+02 2.790000000000000000e+02
1.260000000000000000e+02 2.790000000000000000e+02
1.260000000000000000e+02 2.790000000000000000e+02
1.260000000000000000e+02 2.790000000000000000e+02
1.260000000000000000e+02 2.790000000000000000e+02
1.260000000000000000e+02 2.790000000000000000e+02
1.260000000000000000e+02 2.790000000000000000e+02
1.260000000000000000e+02 2.790000000000000000e+02
1.260000000000000000e+02 2.790000000000000000e+02
1.260000000000000000e+02 2.790000000000000000e+02
1.260000000000000000e+02 2.790000000000000000e+02
1.260000000000000000e+02 2.790000000000000000e+02
1.260000000000000000e+02 2.790000000000000000e+02
1.260000000000000000e+02 2.790000000000000000e+02
1.260000000000000000e+02 2.790000000000000000e+02
1.260000000000000000e+02 2.790000000000000000e+02
1.260000000000000000e+02 2.790000000000000000e+02
1.260000000000000000e+02 2.790000000000000000e+02
1.260000000000000000e+02 2.790000000000000000e+02
1.260000000000000000e+02 2.790000000000000000e+02
1.260000000000000000e+02 2.790000000000000000e+02
1.260000000000000000e+02 2.790000000000000000e+02
1.260000000000000000e+02 2.790000000000000000e+02
1.260000000000000000e+02 2.790000000000000000e+02
1.260000000000000000e+02 2.790000000000000000e+02
1.260000000000000000e+02 2.790000000000000000e+02
1.260000000000000000e+02 2.790000000000000000e+02
1.260000000000000000e+02 2.790000000000000000e+02
1.260000000000000000e+02 2.790000000000000000e+02
1.260000000000000000e+02 2.790000000000000000e+02
1.260000000000000000e+02 2.790000000000000000e+02
1.260000000000000000e+02 2.790000000000000000e+02
1.260000000000000000e+02 2.790000000000000000e+02
1.260000000000000000e+02 2.790000000000000000e+02
1.260000000000000000e+02 2.790000000000000000e+02
1.260000000000000000e+02 2.790000000000000000e+02
1.260000000000000000e+02 2.790000000000000000e+02
1.260000000000000000e+02 2.790000000000000000e+02
1.260000000000000000e+02 2.790000000000000000e+02
1.260000000000000000e+02 2.790000000000000000e+02
1.260000000000000000e+02 2.790000000000000000e+02
1.260000000000000000e+02 2.790000000000000000e+02
7.240000000000000000e+02 4.540000000000000000e+02
7.240000000000000000e+02 4.540000000000000000e+02
7.240000000000000000e+02 4.540000000000000000e+02
7.240000000000000000e+02 4.540000000000000000e+02
7.240000000000000000e+02 4.540000000000000000e+02
7.240000000000000000e+02 4.540000000000000000e+02
7.240000000000000000e+02 4.540000000000000000e+02
7.240000000000000000e+02 4.540000000000000000e+02
7.240000000000000000e+02 4.540000000000000000e+02
7.240000000000000000e+02 4.540000000000000000e+02
7.240000000000000000e+02 4.540000000000000000e+02
7.240000000000000000e+02 4.540000000000000000e+02
7.240000000000000000e+02 4.540000000000000000e+02
7.240000000000000000e+02 4.540000000000000000e+02
7.240000000000000000e+02 4.540000000000000000e+02
7.240000000000000000e+02 4.540000000000000000e+02
7.240000000000000000e+02 4.540000000000000000e+02
7.240000000000000000e+02 4.540000000000000000e+02
7.240000000000000000e+02 4.540000000000000000e+02
7.240000000000000000e+02 4.540000000000000000e+02
7.240000000000000000e+02 4.540000000000000000e+02
7.240000000000000000e+02 4.540000000000000000e+02
7.240000000000000000e+02 4.540000000000000000e+02
7.240000000000000000e+02 4.540000000000000000e+02
7.240000000000000000e+02 4.540000000000000000e+02
7.240000000000000000e+02 4.540000000000000000e+02
7.240000000000000000e+02 4.540000000000000000e+02
7.240000000000000000e+02 4.540000000000000000e+02
7.240000000000000000e+02 4.540000000000000000e+02
7.240000000000000000e+02 4.540000000000000000e+02
7.240000000000000000e+02 4.540000000000000000e+02
7.240000000000000000e+02 4.540000000000000000e+02
7.240000000000000000e+02 4.540000000000000000e+02
7.240000000000000000e+02 4.540000000000000000e+02
7.240000000000000000e+02 4.540000000000000000e+02
7.240000000000000000e+02 4.540000000000000000e+02
7.240000000000000000e+02 4.540000000000000000e+02
7.240000000000000000e+02 4.540000000000000000e+02
7.240000000000000000e+02 4.540000000000000000e+02
7.240000000000000000e+02 4.540000000000000000e+02
7.240000000000000000e+02 4.540000000000000000e+02
7.240000000000000000e+02 4.540000000000000000e+02
7.240000000000000000e+02 4.540000000000000000e+02
7.240000000000000000e+02 4.540000000000000000e+02
7.240000000000000000e+02 4.540000000000000000e+02
7.240000000000000000e+02 4.540000000000000000e+02
3.290000000000000000e+02 7.900000000000000000e+01
3.290000000000000000e+02 7.900000000000000000e+01
3.290000000000000000e+02 7.900000000000000000e+01
3.290000000000000000e+02 7.900000000000000000e+01
3.290000000000000000e+02 7.900000000000000000e+01
3.290000000000000000e+02 7.900000000000000000e+01
3.290000000000000000e+02 7.900000000000000000e+01
3.290000000000000000e+02 7.900000000000000000e+01
3.290000000000000000e+02 7.900000000000000000e+01
3.290000000000000000e+02 7.900000000000000000e+01
3.290000000000000000e+02 7.900000000000000000e+01
3.290000000000000000e+02 7.900000000000000000e+01
3.290000000000000000e+02 7.900000000000000000e+01
3.290000000000000000e+02 7.900000000000000000e+01
3.290000000000000000e+02 7.900000000000000000e+01
3.290000000000000000e+02 7.900000000000000000e+01
3.290000000000000000e+02 7.900000000000000000e+01
3.290000000000000000e+02 7.900000000000000000e+01
3.290000000000000000e+02 7.900000000000000000e+01
3.290000000000000000e+02 7.900000000000000000e+01
3.290000000000000000e+02 7.900000000000000000e+01
3.290000000000000000e+02 7.900000000000000000e+01
3.290000000000000000e+02 7.900000000000000000e+01
3.290000000000000000e+02 7.900000000000000000e+01
3.290000000000000000e+02 7.900000000000000000e+01
3.290000000000000000e+02 7.900000000000000000e+01
3.290000000000000000e+02 7.900000000000000000e+01
3.290000000000000000e+02 7.900000000000000000e+01
3.290000000000000000e+02 7.900000000000000000e+01
3.290000000000000000e+02 7.900000000000000000e+01
3.290000000000000000e+02 7.900000000000000000e+01
3.290000000000000000e+02 7.900000000000000000e+01
3.290000000000000000e+02 7.900000000000000000e+01
3.290000000000000000e+02 7.900000000000000000e+01
3.290000000000000000e+02 7.900000000000000000e+01
3.290000000000000000e+02 7.900000000000000000e+01
3.290000000000000000e+02 7.900000000000000000e+01
3.290000000000000000e+02 7.900000000000000000e+01
3.290000000000000000e+02 7.900000000000000000e+01
4.070000000000000000e+02 5.430000000000000000e+02
4.070000000000000000e+02 5.430000000000000000e+02
4.070000000000000000e+02 5.430000000000000000e+02
4.070000000000000000e+02 5.430000000000000000e+02
4.070000000000000000e+02 5.430000000000000000e+02
4.070000000000000000e+02 5.430000000000000000e+02
4.070000000000000000e+02 5.430000000000000000e+02
4.070000000000000000e+02 5.430000000000000000e+02
4.070000000000000000e+02 5.430000000000000000e+02
4.070000000000000000e+02 5.430000000000000000e+02
4.070000000000000000e+02 5.430000000000000000e+02
4.070000000000000000e+02 5.430000000000000000e+02
4.070000000000000000e+02 5.430000000000000000e+02
4.070000000000000000e+02 5.430000000000000000e+02
4.070000000000000000e+02 5.430000000000000000e+02
4.070000000000000000e+02 5.430000000000000000e+02
4.070000000000000000e+02 5.430000000000000000e+02
4.070000000000000000e+02 5.430000000000000000e+02
4.070000000000000000e+02 5.430000000000000000e+02
4.070000000000000000e+02 5.430000000000000000e+02
4.070000000000000000e+02 5.430000000000000000e+02
4.070000000000000000e+02 5.430000000000000000e+02
4.070000000000000000e+02 5.430000000000000000e+02
4.070000000000000000e+02 5.430000000000000000e+02
4.070000000000000000e+02 5.430000000000000000e+02
4.070000000000000000e+02 5.430000000000000000e+02
4.070000000000000000e+02 5.430000000000000000e+02
4.070000000000000000e+02 5.430000000000000000e+02
4.070000000000000000e+02 5.430000000000000000e+02
4.070000000000000000e+02 5.430000000000000000e+02
4.070000000000000000e+02 5.430000000000000000e+02
4.070000000000000000e+02 5.430000000000000000e+02
4.070000000000000000e+02 5.430000000000000000e+02
4.070000000000000000e+02 5.430000000000000000e+02
4.070000000000000000e+02 5.430000000000000000e+02
4.070000000000000000e+02 5.430000000000000000e+02
4.070000000000000000e+02 5.430000000000000000e+02
4.070000000000000000e+02 5.430000000000000000e+02
5.480000000000000000e+02 3.070000000000000000e+02
5.480000000000000000e+02 3.070000000000000000e+02
5.480000000000000000e+02 3.070000000000000000e+02
5.480000000000000000e+02 3.070000000000000000e+02
5.480000000000000000e+02 3.070000000000000000e+02
5.480000000000000000e+02 3.070000000000000000e+02
5.480000000000000000e+02 3.070000000000000000e+02
5.480000000000000000e+02 3.070000000000000000e+02
5.480000000000000000e+02 3.070000000000000000e+02
5.480000000000000000e+02 3.070000000000000000e+02
5.480000000000000000e+02 3.070000000000000000e+02
5.480000000000000000e+02 3.070000000000000000e+02
5.480000000000000000e+02 3.070000000000000000e+02
5.480000000000000000e+02 3.070000000000000000e+02
5.480000000000000000e+02 3.070000000000000000e+02
5.480000000000000000e+02 3.070000000000000000e+02
5.480000000000000000e+02 3.070000000000000000e+02
5.480000000000000000e+02 3.070000000000000000e+02
5.480000000000000000e+02 3.070000000000000000e+02
5.480000000000000000e+02 3.070000000000000000e+02
5.480000000000000000e+02 3.070000000000000000e+02
5.480000000000000000e+02 3.070000000000000000e+02
5.480000000000000000e+02 3.070000000000000000e+02
5.480000000000000000e+02 3.070000000000000000e+02
5.480000000000000000e+02 3.070000000000000000e+02
5.480000000000000000e+02 3.070000000000000000e+02
5.480000000000000000e+02 3.070000000000000000e+02
5.480000000000000000e+02 3.070000000000000000e+02
5.480000000000000000e+02 3.070000000000000000e+02
7.650000000000000000e+02 1.660000000000000000e+02
7.650000000000000000e+02 1.660000000000000000e+02
7.650000000000000000e+02 1.660000000000000000e+02
7.650000000000000000e+02 1.660000000000000000e+02
7.650000000000000000e+02 1.660000000000000000e+02
7.650000000000000000e+02 1.660000000000000000e+02
7.650000000000000000e+02 1.660000000000000000e+02
7.650000000000000000e+02 1.660000000000000000e+02
7.650000000000000000e+02 1.660000000000000000e+02
7.650000000000000000e+02 1.660000000000000000e+02
7.650000000000000000e+02 1.660000000000000000e+02
7.650000000000000000e+02 1.660000000000000000e+02
7.650000000000000000e+02 1.660000000000000000e+02
7.650000000000000000e+02 1.660000000000000000e+02
7.650000000000000000e+02 1.660000000000000000e+02
7.650000000000000000e+02 1.660000000000000000e+02
7.650000000000000000e+02 1.660000000000000000e+02
7.650000000000000000e+02 1.660000000000000000e+02
7.650000000000000000e+02 1.660000000000000000e+02
7.650000000000000000e+02 1.660000000000000000e+02
7.650000000000000000e+02 1.660000000000000000e+02
7.650000000000000000e+02 1.660000000000000000e+02
7.650000000000000000e+02 1.660000000000000000e+02
7.650000000000000000e+02 1.660000000000000000e+02
7.650000000000000000e+02 1.660000000000000000e+02
7.650000000000000000e+02 1.660000000000000000e+02
7.650000000000000000e+02 1.660000000000000000e+02
7.650000000000000000e+02 1.660000000000000000e+02
7.650000000000000000e+02 1.660000000000000000e+02
2.010000000000000000e+02 2.010000000000000000e+02
2.010000000000000000e+02 2.010000000000000000e+02
2.010000000000000000e+02 2.010000000000000000e+02
2.010000000000000000e+02 2.010000000000000000e+02
2.010000000000000000e+02 2.010000000000000000e+02
2.010000000000000000e+02 2.010000000000000000e+02
2.010000000000000000e+02 2.010000000000000000e+02
2.010000000000000000e+02 2.010000000000000000e+02
2.010000000000000000e+02 2.010000000000000000e+02
2.010000000000000000e+02 2.010000000000000000e+02
2.010000000000000000e+02 2.010000000000000000e+02
2.010000000000000000e+02 2.010000000000000000e+02
2.010000000000000000e+02 2.010000000000000000e+02
2.010000000000000000e+02 2.010000000000000000e+02
2.010000000000000000e+02 2.010000000000000000e+02
2.010000000000000000e+02 2.010000000000000000e+02
2.010000000000000000e+02 2.010000000000000000e+02
2.010000000000000000e+02 2.010000000000000000e+02
2.010000000000000000e+02 2.010000000000000000e+02
2.010000000000000000e+02 2.010000000000000000e+02
2.010000000000000000e+02 2.010000000000000000e+02
2.010000000000000000e+02 2.010000000000000000e+02
2.010000000000000000e+02 2.010000000000000000e+02
2.010000000000000000e+02 2.010000000000000000e+02
2.010000000000000000e+02 2.010000000000000000e+02
2.010000000000000000e+02 2.010000000000000000e+02
2.010000000000000000e+02 2.010000000000000000e+02
2.010000000000000000e+02 2.010000000000000000e+02
2.010000000000000000e+02 2.010000000000000000e+02
2.010000000000000000e+02 2.010000000000000000e+02
2.010000000000000000e+02 2.010000000000000000e+02
2.010000000000000000e+02 2.010000000000000000e+02
2.010000000000000000e+02 2.010000000000000000e+02
2.010000000000000000e+02 2.010000000000000000e+02
2.010000000000000000e+02 2.010000000000000000e+02
2.010000000000000000e+02 2.010000000000000000e+02
2.010000000000000000e+02 2.010000000000000000e+02
2.010000000000000000e+02 2.010000000000000000e+02
2.550000000000000000e+02 8.390000000000000000e+02
2.550000000000000000e+02 8.390000000000000000e+02
2.550000000000000000e+02 8.390000000000000000e+02
2.550000000000000000e+02 8.390000000000000000e+02
2.550000000000000000e+02 8.390000000000000000e+02
2.550000000000000000e+02 8.390000000000000000e+02
2.550000000000000000e+02 8.390000000000000000e+02
2.550000000000000000e+02 8.390000000000000000e+02
2.550000000000000000e+02 8.390000000000000000e+02
2.550000000000000000e+02 8.390000000000000000e+02
2.550000000000000000e+02 8.390000000000000000e+02
2.550000000000000000e+02 8.390000000000000000e+02
2.550000000000000000e+02 8.390000000000000000e+02
2.550000000000000000e+02 8.390000000000000000e+02
2.550000000000000000e+02 8.390000000000000000e+02
2.550000000000000000e+02 8.390000000000000000e+02
2.550000000000000000e+02 8.390000000000000000e+02
2.550000000000000000e+02 8.390000000000000000e+02
2.550000000000000000e+02 8.390000000000000000e+02
2.550000000000000000e+02 8.390000000000000000e+02
2.550000000000000000e+02 8.390000000000000000e+02
2.550000000000000000e+02 8.390000000000000000e+02
2.550000000000000000e+02 8.390000000000000000e+02
2.550000000000000000e+02 8.390000000000000000e+02
2.550000000000000000e+02 8.390000000000000000e+02
2.550000000000000000e+02 8.390000000000000000e+02
2.550000000000000000e+02 8.390000000000000000e+02
2.550000000000000000e+02 8.390000000000000000e+02
2.550000000000000000e+02 8.390000000000000000e+02
2.550000000000000000e+02 8.390000000000000000e+02
2.550000000000000000e+02 8.390000000000000000e+02
2.550000000000000000e+02 8.390000000000000000e+02
2.550000000000000000e+02 8.390000000000000000e+02
2.550000000000000000e+02 8.390000000000000000e+02
2.550000000000000000e+02 8.390000000000000000e+02
2.550000000000000000e+02 8.390000000000000000e+02
2.550000000000000000e+02 8.390000000000000000e+02
2.550000000000000000e+02 8.390000000000000000e+02
2.550000000000000000e+02 8.390000000000000000e+02
2.550000000000000000e+02 8.390000000000000000e+02
2.550000000000000000e+02 8.390000000000000000e+02
2.550000000000000000e+02 8.390000000000000000e+02
2.550000000000000000e+02 8.390000000000000000e+02
2.550000000000000000e+02 8.390000000000000000e+02
2.550000000000000000e+02 8.390000000000000000e+02
2.550000000000000000e+02 8.390000000000000000e+02
2.550000000000000000e+02 8.390000000000000000e+02
2.550000000000000000e+02 8.390000000000000000e+02
2.550000000000000000e+02 8.390000000000000000e+02
2.550000000000000000e+02 8.390000000000000000e+02
2.550000000000000000e+02 8.390000000000000000e+02
2.550000000000000000e+02 8.390000000000000000e+02
2.550000000000000000e+02 8.390000000000000000e+02
2.550000000000000000e+02 8.390000000000000000e+02
2.550000000000000000e+02 8.390000000000000000e+02
2.550000000000000000e+02 8.390000000000000000e+02
2.550000000000000000e+02 8.390000000000000000e+02
2.550000000000000000e+02 8.390000000000000000e+02
2.550000000000000000e+02 8.390000000000000000e+02
2.550000000000000000e+02 8.390000000000000000e+02
8.300000000000000000e+01 9.600000000000000000e+01
8.300000000000000000e+01 9.600000000000000000e+01
8.300000000000000000e+01 9.600000000000000000e+01
8.300000000000000000e+01 9.600000000000000000e+01
8.300000000000000000e+01 9.600000000000000000e+01
8.300000000000000000e+01 9.600000000000000000e+01
8.300000000000000000e+01 9.600000000000000000e+01
8.300000000000000000e+01 9.600000000000000000e+01
8.300000000000000000e+01 9.600000000000000000e+01
8.300000000000000000e+01 9.600000000000000000e+01
8.300000000000000000e+01 9.600000000000000000e+01
8.300000000000000000e+01 9.600000000000000000e+01
8.300000000000000000e+01 9.600000000000000000e+01
8.300000000000000000e+01 9.600000000000000000e+01
8.300000000000000000e+01 9.600000000000000000e+01
8.300000000000000000e+01 9.600000000000000000e+01
8.300000000000000000e+01 9.600000000000000000e+01
8.300000000000000000e+01 9.600000000000000000e+01
8.300000000000000000e+01 9.600000000000000000e+01
8.300000000000000000e+01 9.600000000000000000e+01
8.300000000000000000e+01 9.600000000000000000e+01
8.300000000000000000e+01 9.600000000000000000e+01
8.300000000000000000e+01 9.600000000000000000e+01
8.300000000000000000e+01 9.600000000000000000e+01
8.300000000000000000e+01 9.600000000000000000e+01
8.300000000000000000e+01 9.600000000000000000e+01
8.300000000000000000e+01 9.600000000000000000e+01
8.300000000000000000e+01 9.600000000000000000e+01
8.300000000000000000e+01 9.600000000000000000e+01
8.300000000000000000e+01 9.600000000000000000e+01
8.300000000000000000e+01 9.600000000000000000e+01
8.300000000000000000e+01 9.600000000000000000e+01
8.300000000000000000e+01 9.600000000000000000e+01
8.300000000000000000e+01 9.600000000000000000e+01
8.300000000000000000e+01 9.600000000000000000e+01
8.300000000000000000e+01 9.600000000000000000e+01
8.300000000000000000e+01 9.600000000000000000e+01
8.300000000000000000e+01 9.600000000000000000e+01
8.300000000000000000e+01 9.600000000000000000e+01
8.300000000000000000e+01 9.600000000000000000e+01
8.300000000000000000e+01 9.600000000000000000e+01
7.430000000000000000e+02 8.700000000000000000e+02
7.430000000000000000e+02 8.700000000000000000e+02
7.430000000000000000e+02 8.700000000000000000e+02
7.430000000000000000e+02 8.700000000000000000e+02
7.430000000000000000e+02 8.700000000000000000e+02
7.430000000000000000e+02 8.700000000000000000e+02
7.430000000000000000e+02 8.700000000000000000e+02
7.430000000000000000e+02 8.700000000000000000e+02
7.430000000000000000e+02 8.700000000000000000e+02
7.430000000000000000e+02 8.700000000000000000e+02
7.430000000000000000e+02 8.700000000000000000e+02
7.430000000000000000e+02 8.700000000000000000e+02
7.430000000000000000e+02 8.700000000000000000e+02
7.430000000000000000e+02 8.700000000000000000e+02
7.430000000000000000e+02 8.700000000000000000e+02
7.430000000000000000e+02 8.700000000000000000e+02
7.430000000000000000e+02 8.700000000000000000e+02
7.430000000000000000e+02 8.700000000000000000e+02
7.430000000000000000e+02 8.700000000000000000e+02
7.430000000000000000e+02 8.700000000000000000e+02
7.430000000000000000e+02 8.700000000000000000e+02
7.430000000000000000e+02 8.700000000000000000e+02
7.430000000000000000e+02 8.700000000000000000e+02
7.430000000000000000e+02 8.700000000000000000e+02
7.430000000000000000e+02 8.700000000000000000e+02
7.430000000000000000e+02 8.700000000000000000e+02
7.430000000000000000e+02 8.700000000000000000e+02
7.430000000000000000e+02 8.700000000000000000e+02
7.430000000000000000e+02 8.700000000000000000e+02
7.430000000000000000e+02 8.700000000000000000e+02
7.430000000000000000e+02 8.700000000000000000e+02
7.430000000000000000e+02 8.700000000000000000e+02
7.430000000000000000e+02 8.700000000000000000e+02
7.430000000000000000e+02 8.700000000000000000e+02
7.430000000000000000e+02 8.700000000000000000e+02
7.430000000000000000e+02 8.700000000000000000e+02
7.430000000000000000e+02 8.700000000000000000e+02
7.430000000000000000e+02 8.700000000000000000e+02
7.430000000000000000e+02 8.700000000000000000e+02
7.430000000000000000e+02 8.700000000000000000e+02
7.430000000000000000e+02 8.700000000000000000e+02
7.430000000000000000e+02 8.700000000000000000e+02
7.430000000000000000e+02 8.700000000000000000e+02
7.430000000000000000e+02 8.700000000000000000e+02
7.430000000000000000e+02 8.700000000000000000e+02
7.430000000000000000e+02 8.700000000000000000e+02
7.430000000000000000e+02 8.700000000000000000e+02
7.430000000000000000e+02 8.700000000000000000e+02
6.160000000000000000e+02 5.210000000000000000e+02
6.160000000000000000e+02 5.210000000000000000e+02
6.160000000000000000e+02 5.210000000000000000e+02
6.160000000000000000e+02 5.210000000000000000e+02
6.160000000000000000e+02 5.210000000000000000e+02
6.160000000000000000e+02 5.210000000000000000e+02
6.160000000000000000e+02 5.210000000000000000e+02
6.160000000000000000e+02 5.210000000000000000e+02
6.160000000000000000e+02 5.210000000000000000e+02
6.160000000000000000e+02 5.210000000000000000e+02
6.160000000000000000e+02 5.210000000000000000e+02
6.160000000000000000e+02 5.210000000000000000e+02
6.160000000000000000e+02 5.210000000000000000e+02
6.160000000000000000e+02 5.210000000000000000e+02
6.160000000000000000e+02 5.210000000000000000e+02
6.160000000000000000e+02 5.210000000000000000e+02
6.160000000000000000e+02 5.210000000000000000e+02
6.160000000000000000e+02 5.210000000000000000e+02
6.160000000000000000e+02 5.210000000000000000e+02
6.160000000000000000e+02 5.210000000000000000e+02
6.160000000000000000e+02 5.210000000000000000e+02
6.160000000000000000e+02 5.210000000000000000e+02
6.160000000000000000e+02 5.210000000000000000e+02
6.160000000000000000e+02 5.210000000000000000e+02
6.160000000000000000e+02 5.210000000000000000e+02
6.160000000000000000e+02 5.210000000000000000e+02
6.160000000000000000e+02 5.210000000000000000e+02
6.160000000000000000e+02 5.210000000000000000e+02
6.160000000000000000e+02 5.210000000000000000e+02
6.160000000000000000e+02 5.210000000000000000e+02
6.160000000000000000e+02 5.210000000000000000e+02
6.160000000000000000e+02 5.210000000000000000e+02
6.160000000000000000e+02 5.210000000000000000e+02
6.160000000000000000e+02 5.210000000000000000e+02
6.160000000000000000e+02 5.210000000000000000e+02
6.160000000000000000e+02 5.210000000000000000e+02
1.110000000000000000e+02 4.560000000000000000e+02
1.110000000000000000e+02 4.560000000000000000e+02
1.110000000000000000e+02 4.560000000000000000e+02
1.110000000000000000e+02 4.560000000000000000e+02
1.110000000000000000e+02 4.560000000000000000e+02
1.110000000000000000e+02 4.560000000000000000e+02
1.110000000000000000e+02 4.560000000000000000e+02
1.110000000000000000e+02 4.560000000000000000e+02
1.110000000000000000e+02 4.560000000000000000e+02
1.110000000000000000e+02 4.560000000000000000e+02
1.110000000000000000e+02 4.560000000000000000e+02
1.110000000000000000e+02 4.560000000000000000e+02
1.110000000000000000e+02 4.560000000000000000e+02
1.110000000000000000e+02 4.560000000000000000e+02
1.110000000000000000e+02 4.560000000000000000e+02
1.110000000000000000e+02 4.560000000000000000e+02
1.110000000000000000e+02 4.560000000000000000e+02
1.110000000000000000e+02 4.560000000000000000e+02
1.110000000000000000e+02 4.560000000000000000e+02
1.110000000000000000e+02 4.560000000000000000e+02
1.110000000000000000e+02 4.560000000000000000e+02
1.110000000000000000e+02 4.560000000000000000e+02
1.110000000000000000e+02 4.560000000000000000e+02
1.110000000000000000e+02 4.560000000000000000e+02
1.110000000000000000e+02 4.560000000000000000e+02
1.110000000000000000e+02 4.560000000000000000e+02
1.110000000000000000e+02 4.560000000000000000e+02
1.110000000000000000e+02 4.560000000000000000e+02
1.110000000000000000e+02 4.560000000000000000e+02
1.110000000000000000e+02 4.560000000000000000e+02
1.110000000000000000e+02 4.560000000000000000e+02
1.110000000000000000e+02 4.560000000000000000e+02
1.110000000000000000e+02 4.560000000000000000e+02
1.110000000000000000e+02 4.560000000000000000e+02
1.110000000000000000e+02 4.560000000000000000e+02
1.110000000000000000e+02 4.560000000000000000e+02
1.110000000000000000e+02 4.560000000000000000e+02
1.110000000000000000e+02 4.560000000000000000e+02
1.110000000000000000e+02 4.560000000000000000e+02
1.110000000000000000e+02 4.560000000000000000e+02
1.110000000000000000e+02 4.560000000000000000e+02
1.110000000000000000e+02 4.560000000000000000e+02
1.110000000000000000e+02 4.560000000000000000e+02
1.110000000000000000e+02 4.560000000000000000e+02
1.110000000000000000e+02 4.560000000000000000e+02
1.110000000000000000e+02 4.560000000000000000e+02
1.110000000000000000e+02 4.560000000000000000e+02
1.110000000000000000e+02 4.560000000000000000e+02
1.110000000000000000e+02 4.560000000000000000e+02
1.110000000000000000e+02 4.560000000000000000e+02
1.110000000000000000e+02 4.560000000000000000e+02
1.110000000000000000e+02 4.560000000000000000e+02
1.110000000000000000e+02 4.560000000000000000e+02
1.110000000000000000e+02 4.560000000000000000e+02
1.110000000000000000e+02 4.560000000000000000e+02
1.110000000000000000e+02 4.560000000000000000e+02
1.110000000000000000e+02 4.560000000000000000e+02
1.110000000000000000e+02 4.560000000000000000e+02
2.360000000000000000e+02 6.230000000000000000e+02
2.360000000000000000e+02 6.230000000000000000e+02
2.360000000000000000e+02 6.230000000000000000e+02
2.360000000000000000e+02 6.230000000000000000e+02
2.360000000000000000e+02 6.230000000000000000e+02
2.360000000000000000e+02 6.230000000000000000e+02
2.360000000000000000e+02 6.230000000000000000e+02
2.360000000000000000e+02 6.230000000000000000e+02
2.360000000000000000e+02 6.230000000000000000e+02
2.360000000000000000e+02 6.230000000000000000e+02
2.360000000000000000e+02 6.230000000000000000e+02
2.360000000000000000e+02 6.230000000000000000e+02
2.360000000000000000e+02 6.230000000000000000e+02
2.360000000000000000e+02 6.230000000000000000e+02
2.360000000000000000e+02 6.230000000000000000e+02
2.360000000000000000e+02 6.230000000000000000e+02
2.360000000000000000e+02 6.230000000000000000e+02
2.360000000000000000e+02 6.230000000000000000e+02
2.360000000000000000e+02 6.230000000000000000e+02
2.360000000000000000e+02 6.230000000000000000e+02
2.360000000000000000e+02 6.230000000000000000e+02
2.360000000000000000e+02 6.230000000000000000e+02
2.360000000000000000e+02 6.230000000000000000e+02
2.360000000000000000e+02 6.230000000000000000e+02
2.360000000000000000e+02 6.230000000000000000e+02
2.360000000000000000e+02 6.230000000000000000e+02
2.360000000000000000e+02 6.230000000000000000e+02
2.360000000000000000e+02 6.230000000000000000e+02
2.360000000000000000e+02 6.230000000000000000e+02
2.360000000000000000e+02 6.230000000000000000e+02
2.360000000000000000e+02 6.230000000000000000e+02
1.220000000000000000e+02 5.600000000000000000e+02
1.220000000000000000e+02 5.600000000000000000e+02
1.220000000000000000e+02 5.600000000000000000e+02
1.220000000000000000e+02 5.600000000000000000e+02
1.220000000000000000e+02 5.600000000000000000e+02
1.220000000000000000e+02 5.600000000000000000e+02
1.220000000000000000e+02 5.600000000000000000e+02
1.220000000000000000e+02 5.600000000000000000e+02
1.220000000000000000e+02 5.600000000000000000e+02
1.220000000000000000e+02 5.600000000000000000e+02
1.220000000000000000e+02 5.600000000000000000e+02
1.220000000000000000e+02 5.600000000000000000e+02
1.220000000000000000e+02 5.600000000000000000e+02
1.220000000000000000e+02 5.600000000000000000e+02
1.220000000000000000e+02 5.600000000000000000e+02
1.220000000000000000e+02 5.600000000000000000e+02
1.220000000000000000e+02 5.600000000000000000e+02
1.220000000000000000e+02 5.600000000000000000e+02
1.220000000000000000e+02 5.600000000000000000e+02
1.220000000000000000e+02 5.600000000000000000e+02
1.220000000000000000e+02 5.600000000000000000e+02
1.220000000000000000e+02 5.600000000000000000e+02
1.220000000000000000e+02 5.600000000000000000e+02
1.220000000000000000e+02 5.600000000000000000e+02
1.220000000000000000e+02 5.600000000000000000e+02
1.220000000000000000e+02 5.600000000000000000e+02
1.220000000000000000e+02 5.600000000000000000e+02
1.220000000000000000e+02 5.600000000000000000e+02
1.220000000000000000e+02 5.600000000000000000e+02
1.220000000000000000e+02 5.600000000000000000e+02
1.220000000000000000e+02 5.600000000000000000e+02
1.220000000000000000e+02 5.600000000000000000e+02
1.220000000000000000e+02 5.600000000000000000e+02
1.220000000000000000e+02 5.600000000000000000e+02
1.220000000000000000e+02 5.600000000000000000e+02
1.220000000000000000e+02 5.600000000000000000e+02
1.220000000000000000e+02 5.600000000000000000e+02
1.220000000000000000e+02 5.600000000000000000e+02
1.220000000000000000e+02 5.600000000000000000e+02
1.220000000000000000e+02 5.600000000000000000e+02
1.220000000000000000e+02 5.600000000000000000e+02
1.220000000000000000e+02 5.600000000000000000e+02
1.220000000000000000e+02 5.600000000000000000e+02
1.220000000000000000e+02 5.600000000000000000e+02
1.220000000000000000e+02 5.600000000000000000e+02
1.220000000000000000e+02 5.600000000000000000e+02
1.220000000000000000e+02 5.600000000000000000e+02
5.400000000000000000e+02 1.100000000000000000e+01
5.400000000000000000e+02 1.100000000000000000e+01
5.400000000000000000e+02 1.100000000000000000e+01
5.400000000000000000e+02 1.100000000000000000e+01
5.400000000000000000e+02 1.100000000000000000e+01
5.400000000000000000e+02 1.100000000000000000e+01
5.400000000000000000e+02 1.100000000000000000e+01
5.400000000000000000e+02 1.100000000000000000e+01
5.400000000000000000e+02 1.100000000000000000e+01
5.400000000000000000e+02 1.100000000000000000e+01
5.400000000000000000e+02 1.100000000000000000e+01
5.400000000000000000e+02 1.100000000000000000e+01
5.400000000000000000e+02 1.100000000000000000e+01
5.400000000000000000e+02 1.100000000000000000e+01
5.400000000000000000e+02 1.100000000000000000e+01
5.400000000000000000e+02 1.100000000000000000e+01
5.400000000000000000e+02 1.100000000000000000e+01
5.400000000000000000e+02 1.100000000000000000e+01
5.400000000000000000e+02 1.100000000000000000e+01
5.400000000000000000e+02 1.100000000000000000e+01
5.400000000000000000e+02 1.100000000000000000e+01
5.400000000000000000e+02 1.100000000000000000e+01
5.400000000000000000e+02 1.100000000000000000e+01
5.400000000000000000e+02 1.100000000000000000e+01
5.400000000000000000e+02 1.100000000000000000e+01
5.400000000000000000e+02 1.100000000000000000e+01
5.400000000000000000e+02 1.100000000000000000e+01
5.400000000000000000e+02 1.100000000000000000e+01
5.400000000000000000e+02 1.100000000000000000e+01
5.400000000000000000e+02 1.100000000000000000e+01
5.400000000000000000e+02 1.100000000000000000e+01
5.400000000000000000e+02 1.100000000000000000e+01
5.400000000000000000e+02 1.100000000000000000e+01
5.400000000000000000e+02 1.100000000000000000e+01
5.400000000000000000e+02 1.100000000000000000e+01
5.400000000000000000e+02 1.100000000000000000e+01
5.400000000000000000e+02 1.100000000000000000e+01
5.400000000000000000e+02 1.100000000000000000e+01
4.410000000000000000e+02 8.760000000000000000e+02
4.410000000000000000e+02 8.760000000000000000e+02
4.410000000000000000e+02 8.760000000000000000e+02
4.410000000000000000e+02 8.760000000000000000e+02
4.410000000000000000e+02 8.760000000000000000e+02
4.410000000000000000e+02 8.760000000000000000e+02
4.410000000000000000e+02 8.760000000000000000e+02
4.410000000000000000e+02 8.760000000000000000e+02
4.410000000000000000e+02 8.760000000000000000e+02
4.410000000000000000e+02 8.760000000000000000e+02
4.410000000000000000e+02 8.760000000000000000e+02
4.410000000000000000e+02 8.760000000000000000e+02
4.410000000000000000e+02 8.760000000000000000e+02
4.410000000000000000e+02 8.760000000000000000e+02
4.410000000000000000e+02 8.760000000000000000e+02
4.410000000000000000e+02 8.760000000000000000e+02
4.410000000000000000e+02 8.760000000000000000e+02
4.410000000000000000e+02 8.760000000000000000e+02
4.410000000000000000e+02 8.760000000000000000e+02
4.410000000000000000e+02 8.760000000000000000e+02
4.410000000000000000e+02 8.760000000000000000e+02
4.410000000000000000e+02 8.760000000000000000e+02
4.410000000000000000e+02 8.760000000000000000e+02
4.410000000000000000e+02 8.760000000000000000e+02
4.410000000000000000e+02 8.760000000000000000e+02
4.410000000000000000e+02 8.760000000000000000e+02
4.410000000000000000e+02 8.760000000000000000e+02
4.410000000000000000e+02 8.760000000000000000e+02
4.410000000000000000e+02 8.760000000000000000e+02
4.410000000000000000e+02 8.760000000000000000e+02
4.410000000000000000e+02 8.760000000000000000e+02
4.410000000000000000e+02 8.760000000000000000e+02
4.410000000000000000e+02 8.760000000000000000e+02
4.410000000000000000e+02 8.760000000000000000e+02
4.410000000000000000e+02 8.760000000000000000e+02
4.410000000000000000e+02 8.760000000000000000e+02
4.410000000000000000e+02 8.760000000000000000e+02
4.410000000000000000e+02 8.760000000000000000e+02
4.410000000000000000e+02 8.760000000000000000e+02
4.410000000000000000e+02 8.760000000000000000e+02
4.410000000000000000e+02 8.760000000000000000e+02
4.410000000000000000e+02 8.760000000000000000e+02
4.410000000000000000e+02 8.760000000000000000e+02
4.410000000000000000e+02 8.760000000000000000e+02
4.410000000000000000e+02 8.760000000000000000e+02
4.410000000000000000e+02 8.760000000000000000e+02
4.410000000000000000e+02 8.760000000000000000e+02
4.410000000000000000e+02 8.760000000000000000e+02
4.410000000000000000e+02 8.760000000000000000e+02
4.410000000000000000e+02 8.760000000000000000e+02
4.410000000000000000e+02 8.760000000000000000e+02
4.410000000000000000e+02 8.760000000000000000e+02
4.410000000000000000e+02 8.760000000000000000e+02
4.410000000000000000e+02 8.760000000000000000e+02
4.410000000000000000e+02 8.760000000000000000e+02
4.410000000000000000e+02 8.760000000000000000e+02
4.410000000000000000e+02 8.760000000000000000e+02
4.410000000000000000e+02 8.760000000000000000e+02
4.410000000000000000e+02 8.760000000000000000e+02
4.410000000000000000e+02 8.760000000000000000e+02
4.410000000000000000e+02 8.760000000000000000e+02
4.410000000000000000e+02 8.760000000000000000e+02
4.410000000000000000e+02 8.760000000000000000e+02
4.410000000000000000e+02 8.760000000000000000e+02
4.410000000000000000e+02 8.760000000000000000e+02
4.970000000000000000e+02 1.860000000000000000e+02
4.970000000000000000e+02 1.860000000000000000e+02
4.970000000000000000e+02 1.860000000000000000e+02
4.970000000000000000e+02 1.860000000000000000e+02
4.970000000000000000e+02 1.860000000000000000e+02
4.970000000000000000e+02 1.860000000000000000e+02
4.970000000000000000e+02 1.860000000000000000e+02
4.970000000000000000e+02 1.860000000000000000e+02
4.970000000000000000e+02 1.860000000000000000e+02
4.970000000000000000e+02 1.860000000000000000e+02
4.970000000000000000e+02 1.860000000000000000e+02
4.970000000000000000e+02 1.860000000000000000e+02
4.970000000000000000e+02 1.860000000000000000e+02
4.970000000000000000e+02 1.860000000000000000e+02
4.970000000000000000e+02 1.860000000000000000e+02
4.970000000000000000e+02 1.860000000000000000e+02
4.970000000000000000e+02 1.860000000000000000e+02
4.970000000000000000e+02 1.860000000000000000e+02
4.970000000000000000e+02 1.860000000000000000e+02
4.970000000000000000e+02 1.860000000000000000e+02
4.970000000000000000e+02 1.860000000000000000e+02
4.970000000000000000e+02 1.860000000000000000e+02
4.970000000000000000e+02 1.860000000000000000e+02
4.970000000000000000e+02 1.860000000000000000e+02
4.970000000000000000e+02 1.860000000000000000e+02
4.970000000000000000e+02 1.860000000000000000e+02
4.970000000000000000e+02 1.860000000000000000e+02
4.970000000000000000e+02 1.860000000000000000e+02
4.970000000000000000e+02 1.860000000000000000e+02
4.970000000000000000e+02 1.860000000000000000e+02
4.970000000000000000e+02 1.860000000000000000e+02
4.970000000000000000e+02 1.860000000000000000e+02
4.970000000000000000e+02 1.860000000000000000e+02
4.970000000000000000e+02 1.860000000000000000e+02
4.970000000000000000e+02 1.860000000000000000e+02
4.970000000000000000e+02 1.860000000000000000e+02
4.970000000000000000e+02 1.860000000000000000e+02
4.970000000000000000e+02 1.860000000000000000e+02
4.970000000000000000e+02 1.860000000000000000e+02
4.970000000000000000e+02 1.860000000000000000e+02
4.970000000000000000e+02 1.860000000000000000e+02
4.970000000000000000e+02 1.860000000000000000e+02
4.970000000000000000e+02 1.860000000000000000e+02
4.020000000000000000e+02 3.680000000000000000e+02
4.020000000000000000e+02 3.680000000000000000e+02
4.020000000000000000e+02 3.680000000000000000e+02
4.020000000000000000e+02 3.680000000000000000e+02
4.020000000000000000e+02 3.680000000000000000e+02
4.020000000000000000e+02 3.680000000000000000e+02
4.020000000000000000e+02 3.680000000000000000e+02
4.020000000000000000e+02 3.680000000000000000e+02
4.020000000000000000e+02 3.680000000000000000e+02
4.020000000000000000e+02 3.680000000000000000e+02
4.020000000000000000e+02 3.680000000000000000e+02
4.020000000000000000e+02 3.680000000000000000e+02
4.020000000000000000e+02 3.680000000000000000e+02
4.020000000000000000e+02 3.680000000000000000e+02
4.020000000000000000e+02 3.680000000000000000e+02
4.020000000000000000e+02 3.680000000000000000e+02
4.020000000000000000e+02 3.680000000000000000e+02
4.020000000000000000e+02 3.680000000000000000e+02
4.020000000000000000e+02 3.680000000000000000e+02
4.020000000000000000e+02 3.680000000000000000e+02
4.020000000000000000e+02 3.680000000000000000e+02
4.020000000000000000e+02 3.680000000000000000e+02
4.020000000000000000e+02 3.680000000000000000e+02
4.020000000000000000e+02 3.680000000000000000e+02
4.020000000000000000e+02 3.680000000000000000e+02
4.020000000000000000e+02 3.680000000000000000e+02
4.020000000000000000e+02 3.680000000000000000e+02
4.020000000000000000e+02 3.680000000000000000e+02
4.020000000000000000e+02 3.680000000000000000e+02
4.020000000000000000e+02 3.680000000000000000e+02
4.020000000000000000e+02 3.680000000000000000e+02
4.020000000000000000e+02 3.680000000000000000e+02
4.020000000000000000e+02 3.680000000000000000e+02
8.680000000000000000e+02 4.180000000000000000e+02
8.680000000000000000e+02 4.180000000000000000e+02
8.680000000000000000e+02 4.180000000000000000e+02
8.680000000000000000e+02 4.180000000000000000e+02
8.680000000000000000e+02 4.180000000000000000e+02
8.680000000000000000e+02 4.180000000000000000e+02
8.680000000000000000e+02 4.180000000000000000e+02
8.680000000000000000e+02 4.180000000000000000e+02
8.680000000000000000e+02 4.180000000000000000e+02
8.680000000000000000e+02 4.180000000000000000e+02
8.680000000000000000e+02 4.180000000000000000e+02
8.680000000000000000e+02 4.180000000000000000e+02
8.680000000000000000e+02 4.180000000000000000e+02
8.680000000000000000e+02 4.180000000000000000e+02
8.680000000000000000e+02 4.180000000000000000e+02
8.680000000000000000e+02 4.180000000000000000e+02
8.680000000000000000e+02 4.180000000000000000e+02
8.680000000000000000e+02 4.180000000000000000e+02
8.680000000000000000e+02 4.180000000000000000e+02
8.680000000000000000e+02 4.180000000000000000e+02
8.680000000000000000e+02 4.180000000000000000e+02
8.680000000000000000e+02 4.180000000000000000e+02
8.680000000000000000e+02 4.180000000000000000e+02
8.680000000000000000e+02 4.180000000000000000e+02
8.680000000000000000e+02 4.180000000000000000e+02
8.680000000000000000e+02 4.180000000000000000e+02
8.680000000000000000e+02 4.180000000000000000e+02
8.680000000000000000e+02 4.180000000000000000e+02
8.680000000000000000e+02 4.180000000000000000e+02
8.680000000000000000e+02 4.180000000000000000e+02
8.680000000000000000e+02 4.180000000000000000e+02
8.680000000000000000e+02 4.180000000000000000e+02
8.680000000000000000e+02 4.180000000000000000e+02
8.680000000000000000e+02 4.180000000000000000e+02
8.680000000000000000e+02 4.180000000000000000e+02
8.680000000000000000e+02 4.180000000000000000e+02
8.680000000000000000e+02 4.180000000000000000e+02
8.680000000000000000e+02 4.180000000000000000e+02
8.680000000000000000e+02 4.180000000000000000e+02
8.680000000000000000e+02 4.180000000000000000e+02
1.060000000000000000e+02 8.870000000000000000e+02
1.060000000000000000e+02 8.870000000000000000e+02
1.060000000000000000e+02 8.870000000000000000e+02
1.060000000000000000e+02 8.870000000000000000e+02
1.060000000000000000e+02 8.870000000000000000e+02
1.060000000000000000e+02 8.870000000000000000e+02
1.060000000000000000e+02 8.870000000000000000e+02
1.060000000000000000e+02 8.870000000000000000e+02
1.060000000000000000e+02 8.870000000000000000e+02
1.060000000000000000e+02 8.870000000000000000e+02
1.060000000000000000e+02 8.870000000000000000e+02
1.060000000000000000e+02 8.870000000000000000e+02
1.060000000000000000e+02 8.870000000000000000e+02
1.060000000000000000e+02 8.870000000000000000e+02
1.060000000000000000e+02 8.870000000000000000e+02
1.060000000000000000e+02 8.870000000000000000e+02
1.060000000000000000e+02 8.870000000000000000e+02
1.060000000000000000e+02 8.870000000000000000e+02
1.060000000000000000e+02 8.870000000000000000e+02
1.060000000000000000e+02 8.870000000000000000e+02
1.060000000000000000e+02 8.870000000000000000e+02
1.060000000000000000e+02 8.870000000000000000e+02
1.060000000000000000e+02 8.870000000000000000e+02
1.060000000000000000e+02 8.870000000000000000e+02
1.060000000000000000e+02 8.870000000000000000e+02
1.060000000000000000e+02 8.870000000000000000e+02
1.060000000000000000e+02 8.870000000000000000e+02
1.060000000000000000e+02 8.870000000000000000e+02
1.060000000000000000e+02 8.870000000000000000e+02
1.060000000000000000e+02 8.870000000000000000e+02
1.060000000000000000e+02 8.870000000000000000e+02
1.060000000000000000e+02 8.870000000000000000e+02
1.060000000000000000e+02 8.870000000000000000e+02
1.060000000000000000e+02 8.870000000000000000e+02
1.060000000000000000e+02 8.870000000000000000e+02
1.060000000000000000e+02 8.870000000000000000e+02
1.060000000000000000e+02 8.870000000000000000e+02
1.060000000000000000e+02 8.870000000000000000e+02
1.060000000000000000e+02 8.870000000000000000e+02
1.060000000000000000e+02 8.870000000000000000e+02
1.060000000000000000e+02 8.870000000000000000e+02
1.060000000000000000e+02 8.870000000000000000e+02
1.060000000000000000e+02 8.870000000000000000e+02
1.060000000000000000e+02 8.870000000000000000e+02
1.060000000000000000e+02 8.870000000000000000e+02
1.060000000000000000e+02 8.870000000000000000e+02
1.060000000000000000e+02 8.870000000000000000e+02
1.060000000000000000e+02 8.870000000000000000e+02
1.060000000000000000e+02 8.870000000000000000e+02
1.060000000000000000e+02 8.870000000000000000e+02
1.060000000000000000e+02 8.870000000000000000e+02
1.060000000000000000e+02 8.870000000000000000e+02
1.060000000000000000e+02 8.870000000000000000e+02
1.060000000000000000e+02 8.870000000000000000e+02
1.060000000000000000e+02 8.870000000000000000e+02
6.100000000000000000e+02 7.230000000000000000e+02
6.100000000000000000e+02 7.230000000000000000e+02
6.100000000000000000e+02 7.230000000000000000e+02
6.100000000000000000e+02 7.230000000000000000e+02
6.100000000000000000e+02 7.230000000000000000e+02
6.100000000000000000e+02 7.230000000000000000e+02
6.100000000000000000e+02 7.230000000000000000e+02
6.100000000000000000e+02 7.230000000000000000e+02
6.100000000000000000e+02 7.230000000000000000e+02
6.100000000000000000e+02 7.230000000000000000e+02
6.100000000000000000e+02 7.230000000000000000e+02
6.100000000000000000e+02 7.230000000000000000e+02
6.100000000000000000e+02 7.230000000000000000e+02
6.100000000000000000e+02 7.230000000000000000e+02
6.100000000000000000e+02 7.230000000000000000e+02
6.100000000000000000e+02 7.230000000000000000e+02
6.100000000000000000e+02 7.230000000000000000e+02
6.100000000000000000e+02 7.230000000000000000e+02
6.100000000000000000e+02 7.230000000000000000e+02
6.100000000000000000e+02 7.230000000000000000e+02
6.100000000000000000e+02 7.230000000000000000e+02
6.100000000000000000e+02 7.230000000000000000e+02
6.100000000000000000e+02 7.230000000000000000e+02
6.100000000000000000e+02 7.230000000000000000e+02
6.100000000000000000e+02 7.230000000000000000e+02
6.100000000000000000e+02 7.230000000000000000e+02
6.100000000000000000e+02 7.230000000000000000e+02
6.100000000000000000e+02 7.230000000000000000e+02
6.100000000000000000e+02 7.230000000000000000e+02
6.100000000000000000e+02 7.230000000000000000e+02
6.100000000000000000e+02 7.230000000000000000e+02
6.100000000000000000e+02 7.230000000000000000e+02
6.100000000000000000e+02 7.230000000000000000e+02
6.100000000000000000e+02 7.230000000000000000e+02
6.100000000000000000e+02 7.230000000000000000e+02
6.100000000000000000e+02 7.230000000000000000e+02
6.100000000000000000e+02 7.230000000000000000e+02
6.100000000000000000e+02 7.230000000000000000e+02
6.730000000000000000e+02 4.010000000000000000e+02
6.730000000000000000e+02 4.010000000000000000e+02
6.730000000000000000e+02 4.010000000000000000e+02
6.730000000000000000e+02 4.010000000000000000e+02
6.730000000000000000e+02 4.010000000000000000e+02
6.730000000000000000e+02 4.010000000000000000e+02
6.730000000000000000e+02 4.010000000000000000e+02
6.730000000000000000e+02 4.010000000000000000e+02
6.730000000000000000e+02 4.010000000000000000e+02
6.730000000000000000e+02 4.010000000000000000e+02
6.730000000000000000e+02 4.010000000000000000e+02
6.730000000000000000e+02 4.010000000000000000e+02
6.730000000000000000e+02 4.010000000000000000e+02
6.730000000000000000e+02 4.010000000000000000e+02
6.730000000000000000e+02 4.010000000000000000e+02
6.730000000000000000e+02 4.010000000000000000e+02
6.730000000000000000e+02 4.010000000000000000e+02
6.730000000000000000e+02 4.010000000000000000e+02
6.730000000000000000e+02 4.010000000000000000e+02
6.730000000000000000e+02 4.010000000000000000e+02
6.730000000000000000e+02 4.010000000000000000e+02
6.730000000000000000e+02 4.010000000000000000e+02
6.730000000000000000e+02 4.010000000000000000e+02
6.730000000000000000e+02 4.010000000000000000e+02
6.730000000000000000e+02 4.010000000000000000e+02
6.730000000000000000e+02 4.010000000000000000e+02
6.730000000000000000e+02 4.010000000000000000e+02
6.730000000000000000e+02 4.010000000000000000e+02
6.730000000000000000e+02 4.010000000000000000e+02
6.730000000000000000e+02 4.010000000000000000e+02
6.730000000000000000e+02 4.010000000000000000e+02
6.730000000000000000e+02 4.010000000000000000e+02
6.730000000000000000e+02 4.010000000000000000e+02
6.730000000000000000e+02 4.010000000000000000e+02
6.730000000000000000e+02 4.010000000000000000e+02
6.730000000000000000e+02 4.010000000000000000e+02
6.730000000000000000e+02 4.010000000000000000e+02
6.730000000000000000e+02 4.010000000000000000e+02
6.730000000000000000e+02 4.010000000000000000e+02
6.730000000000000000e+02 4.010000000000000000e+02
7.680000000000000000e+02 4.010000000000000000e+02
7.680000000000000000e+02 4.010000000000000000e+02
7.680000000000000000e+02 4.010000000000000000e+02
7.680000000000000000e+02 4.010000000000000000e+02
7.680000000000000000e+02 4.010000000000000000e+02
7.680000000000000000e+02 4.010000000000000000e+02
7.680000000000000000e+02 4.010000000000000000e+02
7.680000000000000000e+02 4.010000000000000000e+02
7.680000000000000000e+02 4.010000000000000000e+02
7.680000000000000000e+02 4.010000000000000000e+02
7.680000000000000000e+02 4.010000000000000000e+02
7.680000000000000000e+02 4.010000000000000000e+02
7.680000000000000000e+02 4.010000000000000000e+02
7.680000000000000000e+02 4.010000000000000000e+02
7.680000000000000000e+02 4.010000000000000000e+02
7.680000000000000000e+02 4.010000000000000000e+02
7.680000000000000000e+02 4.010000000000000000e+02
7.680000000000000000e+02 4.010000000000000000e+02
7.680000000000000000e+02 4.010000000000000000e+02
7.680000000000000000e+02 4.010000000000000000e+02
7.680000000000000000e+02 4.010000000000000000e+02
7.680000000000000000e+02 4.010000000000000000e+02
7.680000000000000000e+02 4.010000000000000000e+02
7.680000000000000000e+02 4.010000000000000000e+02
7.680000000000000000e+02 4.010000000000000000e+02
7.680000000000000000e+02 4.010000000000000000e+02
7.680000000000000000e+02 4.010000000000000000e+02
7.680000000000000000e+02 4.010000000000000000e+02
7.680000000000000000e+02 4.010000000000000000e+02
7.680000000000000000e+02 4.010000000000000000e+02
7.680000000000000000e+02 4.010000000000000000e+02
7.680000000000000000e+02 4.010000000000000000e+02
7.680000000000000000e+02 4.010000000000000000e+02
7.680000000000000000e+02 4.010000000000000000e+02
7.680000000000000000e+02 4.010000000000000000e+02
7.680000000000000000e+02 4.010000000000000000e+02
7.680000000000000000e+02 4.010000000000000000e+02
4.400000000000000000e+01 7.710000000000000000e+02
4.400000000000000000e+01 7.710000000000000000e+02
4.400000000000000000e+01 7.710000000000000000e+02
4.400000000000000000e+01 7.710000000000000000e+02
4.400000000000000000e+01 7.710000000000000000e+02
4.400000000000000000e+01 7.710000000000000000e+02
4.400000000000000000e+01 7.710000000000000000e+02
4.400000000000000000e+01 7.710000000000000000e+02
4.400000000000000000e+01 7.710000000000000000e+02
4.400000000000000000e+01 7.710000000000000000e+02
4.400000000000000000e+01 7.710000000000000000e+02
4.400000000000000000e+01 7.710000000000000000e+02
4.400000000000000000e+01 7.710000000000000000e+02
4.400000000000000000e+01 7.710000000000000000e+02
4.400000000000000000e+01 7.710000000000000000e+02
4.400000000000000000e+01 7.710000000000000000e+02
4.400000000000000000e+01 7.710000000000000000e+02
4.400000000000000000e+01 7.710000000000000000e+02
4.400000000000000000e+01 7.710000000000000000e+02
4.400000000000000000e+01 7.710000000000000000e+02
4.400000000000000000e+01 7.710000000000000000e+02
4.400000000000000000e+01 7.710000000000000000e+02
4.400000000000000000e+01 7.710000000000000000e+02
4.400000000000000000e+01 7.710000000000000000e+02
4.400000000000000000e+01 7.710000000000000000e+02
4.400000000000000000e+01 7.710000000000000000e+02
4.400000000000000000e+01 7.710000000000000000e+02
4.400000000000000000e+01 7.710000000000000000e+02
4.400000000000000000e+01 7.710000000000000000e+02
4.400000000000000000e+01 7.710000000000000000e+02
4.400000000000000000e+01 7.710000000000000000e+02
4.400000000000000000e+01 7.710000000000000000e+02
4.400000000000000000e+01 7.710000000000000000e+02
4.400000000000000000e+01 7.710000000000000000e+02
4.400000000000000000e+01 7.710000000000000000e+02
4.400000000000000000e+01 7.710000000000000000e+02
4.400000000000000000e+01 7.710000000000000000e+02
4.400000000000000000e+01 7.710000000000000000e+02
4.400000000000000000e+01 7.710000000000000000e+02
4.400000000000000000e+01 7.710000000000000000e+02
4.400000000000000000e+01 7.710000000000000000e+02
4.400000000000000000e+01 7.710000000000000000e+02
4.400000000000000000e+01 7.710000000000000000e+02
4.400000000000000000e+01 7.710000000000000000e+02
4.400000000000000000e+01 7.710000000000000000e+02
4.400000000000000000e+01 7.710000000000000000e+02
4.400000000000000000e+01 7.710000000000000000e+02
4.400000000000000000e+01 7.710000000000000000e+02
7.450000000000000000e+02 5.530000000000000000e+02
7.450000000000000000e+02 5.530000000000000000e+02
7.450000000000000000e+02 5.530000000000000000e+02
7.450000000000000000e+02 5.530000000000000000e+02
7.450000000000000000e+02 5.530000000000000000e+02
7.450000000000000000e+02 5.530000000000000000e+02
7.450000000000000000e+02 5.530000000000000000e+02
7.450000000000000000e+02 5.530000000000000000e+02
7.450000000000000000e+02 5.530000000000000000e+02
7.450000000000000000e+02 5.530000000000000000e+02
7.450000000000000000e+02 5.530000000000000000e+02
7.450000000000000000e+02 5.530000000000000000e+02
7.450000000000000000e+02 5.530000000000000000e+02
7.450000000000000000e+02 5.530000000000000000e+02
7.450000000000000000e+02 5.530000000000000000e+02
7.450000000000000000e+02 5.530000000000000000e+02
7.450000000000000000e+02 5.530000000000000000e+02
7.450000000000000000e+02 5.530000000000000000e+02
7.450000000000000000e+02 5.530000000000000000e+02
7.450000000000000000e+02 5.530000000000000000e+02
7.450000000000000000e+02 5.530000000000000000e+02
7.450000000000000000e+02 5.530000000000000000e+02
7.450000000000000000e+02 5.530000000000000000e+02
7.450000000000000000e+02 5.530000000000000000e+02
7.450000000000000000e+02 5.530000000000000000e+02
7.450000000000000000e+02 5.530000000000000000e+02
7.450000000000000000e+02 5.530000000000000000e+02
7.450000000000000000e+02 5.530000000000000000e+02
7.450000000000000000e+02 5.530000000000000000e+02
7.450000000000000000e+02 5.530000000000000000e+02
7.450000000000000000e+02 5.530000000000000000e+02
7.450000000000000000e+02 5.530000000000000000e+02
7.450000000000000000e+02 5.530000000000000000e+02
7.450000000000000000e+02 5.530000000000000000e+02
7.450000000000000000e+02 5.530000000000000000e+02
7.450000000000000000e+02 5.530000000000000000e+02
7.450000000000000000e+02 5.530000000000000000e+02
7.450000000000000000e+02 5.530000000000000000e+02
7.450000000000000000e+02 5.530000000000000000e+02
7.450000000000000000e+02 5.530000000000000000e+02
7.450000000000000000e+02 5.530000000000000000e+02
7.450000000000000000e+02 5.530000000000000000e+02
7.450000000000000000e+02 5.530000000000000000e+02
7.450000000000000000e+02 5.530000000000000000e+02
5.200000000000000000e+01 5.950000000000000000e+02
5.200000000000000000e+01 5.950000000000000000e+02
5.200000000000000000e+01 5.950000000000000000e+02
5.200000000000000000e+01 5.950000000000000000e+02
5.200000000000000000e+01 5.950000000000000000e+02
5.200000000000000000e+01 5.950000000000000000e+02
5.200000000000000000e+01 5.950000000000000000e+02
5.200000000000000000e+01 5.950000000000000000e+02
5.200000000000000000e+01 5.950000000000000000e+02
5.200000000000000000e+01 5.950000000000000000e+02
5.200000000000000000e+01 5.950000000000000000e+02
5.200000000000000000e+01 5.950000000000000000e+02
5.200000000000000000e+01 5.950000000000000000e+02
5.200000000000000000e+01 5.950000000000000000e+02
5.200000000000000000e+01 5.950000000000000000e+02
5.200000000000000000e+01 5.950000000000000000e+02
5.200000000000000000e+01 5.950000000000000000e+02
5.200000000000000000e+01 5.950000000000000000e+02
5.200000000000000000e+01 5.950000000000000000e+02
5.200000000000000000e+01 5.950000000000000000e+02
5.200000000000000000e+01 5.950000000000000000e+02
5.200000000000000000e+01 5.950000000000000000e+02
5.200000000000000000e+01 5.950000000000000000e+02
5.200000000000000000e+01 5.950000000000000000e+02
5.200000000000000000e+01 5.950000000000000000e+02
5.200000000000000000e+01 5.950000000000000000e+02
5.200000000000000000e+01 5.950000000000000000e+02
5.200000000000000000e+01 5.950000000000000000e+02
5.200000000000000000e+01 5.950000000000000000e+02
5.200000000000000000e+01 5.950000000000000000e+02
5.200000000000000000e+01 5.950000000000000000e+02
5.200000000000000000e+01 5.950000000000000000e+02
5.200000000000000000e+01 5.950000000000000000e+02
5.200000000000000000e+01 5.950000000000000000e+02
5.200000000000000000e+01 5.950000000000000000e+02
5.200000000000000000e+01 5.950000000000000000e+02
5.200000000000000000e+01 5.950000000000000000e+02
5.200000000000000000e+01 5.950000000000000000e+02
5.200000000000000000e+01 5.950000000000000000e+02
5.200000000000000000e+01 5.950000000000000000e+02
5.200000000000000000e+01 5.950000000000000000e+02
5.200000000000000000e+01 5.950000000000000000e+02
5.200000000000000000e+01 5.950000000000000000e+02
5.200000000000000000e+01 5.950000000000000000e+02
5.200000000000000000e+01 5.950000000000000000e+02
5.200000000000000000e+01 5.950000000000000000e+02
5.200000000000000000e+01 5.950000000000000000e+02
5.200000000000000000e+01 5.950000000000000000e+02
5.200000000000000000e+01 5.950000000000000000e+02
5.200000000000000000e+01 5.950000000000000000e+02
5.200000000000000000e+01 5.950000000000000000e+02
5.200000000000000000e+01 5.950000000000000000e+02
5.200000000000000000e+01 5.950000000000000000e+02
5.200000000000000000e+01 5.950000000000000000e+02
5.200000000000000000e+01 5.950000000000000000e+02
5.200000000000000000e+01 5.950000000000000000e+02
5.200000000000000000e+01 5.950000000000000000e+02
5.200000000000000000e+01 5.950000000000000000e+02
5.200000000000000000e+01 5.950000000000000000e+02
5.200000000000000000e+01 5.950000000000000000e+02
5.200000000000000000e+01 5.950000000000000000e+02
5.200000000000000000e+01 5.950000000000000000e+02
5.200000000000000000e+01 5.950000000000000000e+02
5.200000000000000000e+01 5.950000000000000000e+02
5.200000000000000000e+01 5.950000000000000000e+02
5.200000000000000000e+01 5.950000000000000000e+02
5.200000000000000000e+01 5.950000000000000000e+02
5.200000000000000000e+01 5.950000000000000000e+02
5.200000000000000000e+01 5.950000000000000000e+02
5.200000000000000000e+01 5.950000000000000000e+02
5.200000000000000000e+01 5.950000000000000000e+02
5.200000000000000000e+01 5.950000000000000000e+02
5.200000000000000000e+01 5.950000000000000000e+02
5.200000000000000000e+01 5.950000000000000000e+02
5.200000000000000000e+01 5.950000000000000000e+02
5.200000000000000000e+01 5.950000000000000000e+02
5.200000000000000000e+01 5.950000000000000000e+02
5.200000000000000000e+01 5.950000000000000000e+02
5.200000000000000000e+01 5.950000000000000000e+02
5.200000000000000000e+01 5.950000000000000000e+02
5.200000000000000000e+01 5.950000000000000000e+02
5.200000000000000000e+01 5.950000000000000000e+02
5.200000000000000000e+01 5.950000000000000000e+02
5.200000000000000000e+01 5.950000000000000000e+02
5.200000000000000000e+01 5.950000000000000000e+02
5.200000000000000000e+01 5.950000000000000000e+02
5.200000000000000000e+01 5.950000000000000000e+02
5.200000000000000000e+01 5.950000000000000000e+02
5.200000000000000000e+01 5.950000000000000000e+02
5.200000000000000000e+01 5.950000000000000000e+02
5.200000000000000000e+01 5.950000000000000000e+02
5.200000000000000000e+01 5.950000000000000000e+02
5.200000000000000000e+01 5.950000000000000000e+02
5.200000000000000000e+01 5.950000000000000000e+02
5.200000000000000000e+01 5.950000000000000000e+02
5.200000000000000000e+01 5.950000000000000000e+02
5.200000000000000000e+01 5.950000000000000000e+02
5.200000000000000000e+01 5.950000000000000000e+02
5.200000000000000000e+01 5.950000000000000000e+02
5.200000000000000000e+01 5.950000000000000000e+02
5.200000000000000000e+01 5.950000000000000000e+02
5.200000000000000000e+01 5.950000000000000000e+02
5.200000000000000000e+01 5.950000000000000000e+02
5.200000000000000000e+01 5.950000000000000000e+02
5.200000000000000000e+01 5.950000000000000000e+02
5.200000000000000000e+01 5.950000000000000000e+02
5.200000000000000000e+01 5.950000000000000000e+02
5.200000000000000000e+01 5.950000000000000000e+02
5.200000000000000000e+01 5.950000000000000000e+02
5.200000000000000000e+01 5.950000000000000000e+02
5.200000000000000000e+01 5.950000000000000000e+02
5.200000000000000000e+01 5.950000000000000000e+02
5.200000000000000000e+01 5.950000000000000000e+02
5.200000000000000000e+01 5.950000000000000000e+02
5.200000000000000000e+01 5.950000000000000000e+02
5.200000000000000000e+01 5.950000000000000000e+02
5.200000000000000000e+01 5.950000000000000000e+02
5.200000000000000000e+01 5.950000000000000000e+02
5.200000000000000000e+01 5.950000000000000000e+02
5.200000000000000000e+01 5.950000000000000000e+02
5.200000000000000000e+01 5.950000000000000000e+02
5.200000000000000000e+01 5.950000000000000000e+02
5.200000000000000000e+01 5.950000000000000000e+02
5.200000000000000000e+01 5.950000000000000000e+02
5.200000000000000000e+01 5.950000000000000000e+02
5.200000000000000000e+01 5.950000000000000000e+02
5.200000000000000000e+01 5.950000000000000000e+02
5.200000000000000000e+01 5.950000000000000000e+02
5.200000000000000000e+01 5.950000000000000000e+02
5.200000000000000000e+01 5.950000000000000000e+02
5.200000000000000000e+01 5.950000000000000000e+02
5.200000000000000000e+01 5.950000000000000000e+02
5.200000000000000000e+01 5.950000000000000000e+02
5.200000000000000000e+01 5.950000000000000000e+02
5.200000000000000000e+01 5.950000000000000000e+02
5.200000000000000000e+01 5.950000000000000000e+02
5.200000000000000000e+01 5.950000000000000000e+02
5.200000000000000000e+01 5.950000000000000000e+02
5.200000000000000000e+01 5.950000000000000000e+02
5.200000000000000000e+01 5.950000000000000000e+02
5.200000000000000000e+01 5.950000000000000000e+02
5.200000000000000000e+01 5.950000000000000000e+02
5.200000000000000000e+01 5.950000000000000000e+02
5.200000000000000000e+01 5.950000000000000000e+02
5.200000000000000000e+01 5.950000000000000000e+02
5.200000000000000000e+01 5.950000000000000000e+02
5.200000000000000000e+01 5.950000000000000000e+02
5.200000000000000000e+01 5.950000000000000000e+02
5.200000000000000000e+01 5.950000000000000000e+02
5.200000000000000000e+01 5.950000000000000000e+02
5.200000000000000000e+01 5.950000000000000000e+02
5.200000000000000000e+01 5.950000000000000000e+02
5.200000000000000000e+01 5.950000000000000000e+02
5.200000000000000000e+01 5.950000000000000000e+02
5.200000000000000000e+01 5.950000000000000000e+02
5.200000000000000000e+01 5.950000000000000000e+02
5.200000000000000000e+01 5.950000000000000000e+02
5.200000000000000000e+01 5.950000000000000000e+02
5.200000000000000000e+01 5.950000000000000000e+02
5.200000000000000000e+01 5.950000000000000000e+02
5.200000000000000000e+01 5.950000000000000000e+02
5.200000000000000000e+01 5.950000000000000000e+02
5.200000000000000000e+01 5.950000000000000000e+02
