1.261000000000000000e+03 3.370000000000000000e+02
1.261000000000000000e+03 3.370000000000000000e+02
1.261000000000000000e+03 3.370000000000000000e+02
1.261000000000000000e+03 3.370000000000000000e+02
1.261000000000000000e+03 3.370000000000000000e+02
1.260000000000000000e+03 3.370000000000000000e+02
1.239000000000000000e+03 3.510000000000000000e+02
1.213000000000000000e+03 3.530000000000000000e+02
1.211000000000000000e+03 3.510000000000000000e+02
1.194000000000000000e+03 3.620000000000000000e+02
1.176000000000000000e+03 3.650000000000000000e+02
1.158000000000000000e+03 3.800000000000000000e+02
1.154000000000000000e+03 3.840000000000000000e+02
1.130000000000000000e+03 3.880000000000000000e+02
1.115000000000000000e+03 3.880000000000000000e+02
1.104000000000000000e+03 3.820000000000000000e+02
1.094000000000000000e+03 4.000000000000000000e+02
1.093000000000000000e+03 4.000000000000000000e+02
1.072000000000000000e+03 4.120000000000000000e+02
1.063000000000000000e+03 4.100000000000000000e+02
1.063000000000000000e+03 4.070000000000000000e+02
1.062000000000000000e+03 4.210000000000000000e+02
1.062005421898838222e+03 4.100271094941915067e+02
1.052000000000000000e+03 4.260000000000000000e+02
1.050000000000000000e+03 4.230000000000000000e+02
1.037000000000000000e+03 4.360000000000000000e+02
1.029000000000000000e+03 4.280000000000000000e+02
1.032000000000000000e+03 4.260000000000000000e+02
1.023000000000000000e+03 4.370000000000000000e+02
1.027000000000000000e+03 4.380000000000000000e+02
1.021000000000000000e+03 4.350000000000000000e+02
1.014000000000000000e+03 4.400000000000000000e+02
1.017000000000000000e+03 4.440000000000000000e+02
1.003000000000000000e+03 4.450000000000000000e+02
1.006000000000000000e+03 4.500000000000000000e+02
1.012000000000000000e+03 4.380000000000000000e+02
1.001000000000000000e+03 4.530000000000000000e+02
1.001000000000000000e+03 4.400000000000000000e+02
9.990000000000000000e+02 4.500000000000000000e+02
9.980000000000000000e+02 4.520000000000000000e+02
9.950000000000000000e+02 4.520000000000000000e+02
9.930000000000000000e+02 4.530000000000000000e+02
9.930000000000000000e+02 4.530000000000000000e+02
9.930000000000000000e+02 4.530000000000000000e+02
9.910000000000000000e+02 4.530000000000000000e+02
9.860000000000000000e+02 4.550000000000000000e+02
9.790000000000000000e+02 4.600000000000000000e+02
9.770000000000000000e+02 4.680000000000000000e+02
9.760000000000000000e+02 4.560000000000000000e+02
9.790000000000000000e+02 4.590000000000000000e+02
9.830000000000000000e+02 4.540000000000000000e+02
9.760000000000000000e+02 4.530000000000000000e+02
9.680000000000000000e+02 4.660000000000000000e+02
9.630000000000000000e+02 4.600000000000000000e+02
9.690000000000000000e+02 4.570000000000000000e+02
9.750000000000000000e+02 4.700000000000000000e+02
9.670000000000000000e+02 4.640000000000000000e+02
9.730484734617187996e+02 4.625787693752930068e+02
9.710000000000000000e+02 4.540000000000000000e+02
9.680000000000000000e+02 4.670000000000000000e+02
9.690000000000000000e+02 4.610000000000000000e+02
9.690000000000000000e+02 4.610000000000000000e+02
9.690000000000000000e+02 4.610000000000000000e+02
9.690000000000000000e+02 4.610000000000000000e+02
9.690000000000000000e+02 4.610000000000000000e+02
9.690000000000000000e+02 4.610000000000000000e+02
9.690000000000000000e+02 4.610000000000000000e+02
9.690000000000000000e+02 4.610000000000000000e+02
9.680000000000000000e+02 4.610000000000000000e+02
9.680000000000000000e+02 4.610000000000000000e+02
9.680000000000000000e+02 4.610000000000000000e+02
9.680000000000000000e+02 4.610000000000000000e+02
9.680000000000000000e+02 4.610000000000000000e+02
9.680000000000000000e+02 4.610000000000000000e+02
9.680000000000000000e+02 4.610000000000000000e+02
9.670000000000000000e+02 4.600000000000000000e+02
9.670000000000000000e+02 4.600000000000000000e+02
9.670000000000000000e+02 4.600000000000000000e+02
9.670000000000000000e+02 4.600000000000000000e+02
9.670000000000000000e+02 4.600000000000000000e+02
9.670000000000000000e+02 4.600000000000000000e+02
9.670000000000000000e+02 4.600000000000000000e+02
9.670000000000000000e+02 4.600000000000000000e+02
9.670000000000000000e+02 4.600000000000000000e+02
9.670000000000000000e+02 4.600000000000000000e+02
9.670000000000000000e+02 4.600000000000000000e+02
9.660000000000000000e+02 4.600000000000000000e+02
9.660000000000000000e+02 4.600000000000000000e+02
9.660000000000000000e+02 4.600000000000000000e+02
9.660000000000000000e+02 4.600000000000000000e+02
9.660000000000000000e+02 4.600000000000000000e+02
9.660000000000000000e+02 4.600000000000000000e+02
9.660000000000000000e+02 4.600000000000000000e+02
9.660000000000000000e+02 4.600000000000000000e+02
9.660000000000000000e+02 4.600000000000000000e+02
9.660000000000000000e+02 4.600000000000000000e+02
9.660000000000000000e+02 4.600000000000000000e+02
9.660000000000000000e+02 4.600000000000000000e+02
9.460000000000000000e+02 4.460000000000000000e+02
9.107561656584440470e+02 4.266706840390891671e+02
9.050000000000000000e+02 3.960000000000000000e+02
8.870000000000000000e+02 3.810000000000000000e+02
8.870000000000000000e+02 3.660000000000000000e+02
8.740000000000000000e+02 3.470000000000000000e+02
8.680000000000000000e+02 3.350000000000000000e+02
8.640000000000000000e+02 3.270000000000000000e+02
8.589072695540489804e+02 3.198609043310734705e+02
8.510000000000000000e+02 3.080000000000000000e+02
8.418638206534665187e+02 2.974591461960399670e+02
8.350000000000000000e+02 2.710000000000000000e+02
8.266432832259604311e+02 2.701789549033643425e+02
8.120000000000000000e+02 2.460000000000000000e+02
8.140000000000000000e+02 2.310000000000000000e+02
8.020000000000000000e+02 2.160000000000000000e+02
7.840000000000000000e+02 1.800000000000000000e+02
7.780000000000000000e+02 1.780000000000000000e+02
7.630000000000000000e+02 1.470000000000000000e+02
7.550000000000000000e+02 1.280000000000000000e+02
7.340000000000000000e+02 1.100000000000000000e+02
7.160000000000000000e+02 1.190000000000000000e+02
7.142336597046063389e+02 1.040584149261515847e+02
7.150983193545827135e+02 1.042745798386456784e+02
7.159629790045590880e+02 1.044907447511397578e+02
7.168276386545353489e+02 1.047069096636338514e+02
7.176922983045117235e+02 1.049230745761279309e+02
7.180000000000000000e+02 1.050000000000000000e+02
7.020000000000000000e+02 1.000000000000000000e+02
7.100000000000000000e+02 9.700000000000000000e+01
7.090000000000000000e+02 9.200000000000000000e+01
7.090000000000000000e+02 9.200000000000000000e+01
7.090000000000000000e+02 9.200000000000000000e+01
7.090000000000000000e+02 9.100000000000000000e+01
7.130000000000000000e+02 8.700000000000000000e+01
7.080000000000000000e+02 9.500000000000000000e+01
7.040000000000000000e+02 9.300000000000000000e+01
7.038202193609919277e+02 8.362279446828803486e+01
7.010000000000000000e+02 8.200000000000000000e+01
7.080000000000000000e+02 8.400000000000000000e+01
7.080000000000000000e+02 8.800000000000000000e+01
6.960000000000000000e+02 8.700000000000000000e+01
6.970000000000000000e+02 7.800000000000000000e+01
6.950000000000000000e+02 8.100000000000000000e+01
7.000000000000000000e+02 9.400000000000000000e+01
7.010000000000000000e+02 8.700000000000000000e+01
7.010000000000000000e+02 9.115446756921706140e+01
7.010000000000000000e+02 8.961007208681715497e+01
7.010000000000000000e+02 8.806567660441723433e+01
7.010000000000000000e+02 8.652128112201734211e+01
7.010000000000000000e+02 8.497688563961744990e+01
6.970000000000000000e+02 8.800000000000000000e+01
6.980000000000000000e+02 8.600000000000000000e+01
6.970000000000000000e+02 8.300000000000000000e+01
7.040000000000000000e+02 8.600000000000000000e+01
7.040000000000000000e+02 8.600000000000000000e+01
7.040000000000000000e+02 8.600000000000000000e+01
7.040000000000000000e+02 8.600000000000000000e+01
7.040000000000000000e+02 8.600000000000000000e+01
7.040000000000000000e+02 8.600000000000000000e+01
7.040000000000000000e+02 8.600000000000000000e+01
6.960000000000000000e+02 7.900000000000000000e+01
7.130000000000000000e+02 7.900000000000000000e+01
7.040000000000000000e+02 7.800000000000000000e+01
7.140000000000000000e+02 9.100000000000000000e+01
7.050000000000000000e+02 8.800000000000000000e+01
7.050000000000000000e+02 8.800000000000000000e+01
7.050000000000000000e+02 8.800000000000000000e+01
7.050000000000000000e+02 8.800000000000000000e+01
7.050000000000000000e+02 8.800000000000000000e+01
7.050000000000000000e+02 8.800000000000000000e+01
7.050000000000000000e+02 8.800000000000000000e+01
7.050000000000000000e+02 8.800000000000000000e+01
7.050000000000000000e+02 8.800000000000000000e+01
7.040000000000000000e+02 1.030000000000000000e+02
6.830000000000000000e+02 1.190000000000000000e+02
6.240000000000000000e+02 1.840000000000000000e+02
6.050000000000000000e+02 2.010000000000000000e+02
5.780000000000000000e+02 2.050000000000000000e+02
5.386532317522787707e+02 2.372870975669705160e+02
5.120000000000000000e+02 2.470000000000000000e+02
4.810000000000000000e+02 2.650000000000000000e+02
4.730000000000000000e+02 2.850000000000000000e+02
4.420000000000000000e+02 2.930000000000000000e+02
4.260000000000000000e+02 3.040000000000000000e+02
4.230000000000000000e+02 3.060000000000000000e+02
4.160000000000000000e+02 3.100000000000000000e+02
4.100000000000000000e+02 3.210000000000000000e+02
4.037543183440413941e+02 3.292456816559586059e+02
4.050000000000000000e+02 3.300000000000000000e+02
3.920000000000000000e+02 3.340000000000000000e+02
4.040000000000000000e+02 3.380000000000000000e+02
3.949594069890575270e+02 3.484821743734556776e+02
3.920000000000000000e+02 3.440000000000000000e+02
3.900000000000000000e+02 3.520000000000000000e+02
3.940000000000000000e+02 3.510000000000000000e+02
3.950000000000000000e+02 3.570000000000000000e+02
3.890000000000000000e+02 3.540000000000000000e+02
3.890000000000000000e+02 3.540000000000000000e+02
3.890000000000000000e+02 3.540000000000000000e+02
3.890000000000000000e+02 3.540000000000000000e+02
3.890000000000000000e+02 3.540000000000000000e+02
3.890000000000000000e+02 3.540000000000000000e+02
3.890000000000000000e+02 3.540000000000000000e+02
3.910000000000000000e+02 3.530000000000000000e+02
3.920000000000000000e+02 3.530000000000000000e+02
3.930000000000000000e+02 3.510000000000000000e+02
3.940000000000000000e+02 3.500000000000000000e+02
4.000000000000000000e+02 3.460000000000000000e+02
3.900000000000000000e+02 3.420000000000000000e+02
4.020000000000000000e+02 3.460000000000000000e+02
3.920000000000000000e+02 3.400000000000000000e+02
4.000000000000000000e+02 3.500000000000000000e+02
3.920000000000000000e+02 3.510000000000000000e+02
3.880000000000000000e+02 3.410000000000000000e+02
3.950000000000000000e+02 3.540000000000000000e+02
4.030000000000000000e+02 3.580000000000000000e+02
3.970000000000000000e+02 3.480000000000000000e+02
3.970000000000000000e+02 3.480000000000000000e+02
3.970000000000000000e+02 3.480000000000000000e+02
3.970000000000000000e+02 3.480000000000000000e+02
3.970000000000000000e+02 3.480000000000000000e+02
3.970000000000000000e+02 3.480000000000000000e+02
3.970000000000000000e+02 3.480000000000000000e+02
3.970000000000000000e+02 3.480000000000000000e+02
3.970000000000000000e+02 3.480000000000000000e+02
3.860000000000000000e+02 3.520000000000000000e+02
3.930000000000000000e+02 3.460000000000000000e+02
4.010000000000000000e+02 3.520000000000000000e+02
3.920000000000000000e+02 3.490000000000000000e+02
3.920000000000000000e+02 3.490000000000000000e+02
3.920000000000000000e+02 3.490000000000000000e+02
3.920000000000000000e+02 3.490000000000000000e+02
3.920000000000000000e+02 3.490000000000000000e+02
3.920000000000000000e+02 3.490000000000000000e+02
3.920000000000000000e+02 3.490000000000000000e+02
3.920000000000000000e+02 3.490000000000000000e+02
3.920000000000000000e+02 3.490000000000000000e+02
3.910000000000000000e+02 3.490000000000000000e+02
3.730000000000000000e+02 3.510000000000000000e+02
3.520000000000000000e+02 3.750000000000000000e+02
3.390000000000000000e+02 3.700000000000000000e+02
3.430000000000000000e+02 3.750000000000000000e+02
3.290684831328118776e+02 3.780645907053578298e+02
3.140000000000000000e+02 3.750000000000000000e+02
3.006286479250336470e+02 3.864854082998654121e+02
2.980000000000000000e+02 3.890000000000000000e+02
2.950000000000000000e+02 3.800000000000000000e+02
2.940000000000000000e+02 3.850000000000000000e+02
2.920000000000000000e+02 3.850000000000000000e+02
2.910000000000000000e+02 3.860000000000000000e+02
2.850000000000000000e+02 3.800000000000000000e+02
2.840000000000000000e+02 3.810000000000000000e+02
2.880000000000000000e+02 3.880000000000000000e+02
2.848941863179902612e+02 3.817896801307536521e+02
2.830000000000000000e+02 3.850000000000000000e+02
2.840000000000000000e+02 3.890000000000000000e+02
2.840000000000000000e+02 3.890000000000000000e+02
2.840000000000000000e+02 3.890000000000000000e+02
2.840000000000000000e+02 3.890000000000000000e+02
2.840000000000000000e+02 3.890000000000000000e+02
2.840000000000000000e+02 3.890000000000000000e+02
2.840000000000000000e+02 3.890000000000000000e+02
2.840000000000000000e+02 3.890000000000000000e+02
2.840000000000000000e+02 3.890000000000000000e+02
2.840000000000000000e+02 3.890000000000000000e+02
2.840000000000000000e+02 3.890000000000000000e+02
2.840000000000000000e+02 3.890000000000000000e+02
2.840000000000000000e+02 3.890000000000000000e+02
2.840000000000000000e+02 3.890000000000000000e+02
2.840000000000000000e+02 3.890000000000000000e+02
2.840000000000000000e+02 3.890000000000000000e+02
2.840000000000000000e+02 3.890000000000000000e+02
2.840000000000000000e+02 3.890000000000000000e+02
2.840000000000000000e+02 3.890000000000000000e+02
2.840000000000000000e+02 3.890000000000000000e+02
2.840000000000000000e+02 3.890000000000000000e+02
3.240000000000000000e+02 3.550000000000000000e+02
3.330000000000000000e+02 3.460000000000000000e+02
3.330000000000000000e+02 3.480000000000000000e+02
3.380000000000000000e+02 3.520000000000000000e+02
3.420000000000000000e+02 3.410000000000000000e+02
3.560000000000000000e+02 3.317144447094363500e+02
3.870000000000000000e+02 3.310000000000000000e+02
4.100000000000000000e+02 3.410000000000000000e+02
4.400000000000000000e+02 3.530000000000000000e+02
4.616516838221984358e+02 3.732426941155175086e+02
4.655789102440059537e+02 3.795262563904095714e+02
4.695061366658136421e+02 3.858098186653018047e+02
4.734333630876212737e+02 3.920933809401940380e+02
4.810000000000000000e+02 3.970000000000000000e+02
5.760000000000000000e+02 4.930000000000000000e+02
6.100305016084832914e+02 5.179084951745502394e+02
6.280000000000000000e+02 5.330000000000000000e+02
6.508750733826534542e+02 5.633250440295920498e+02
6.650000000000000000e+02 5.680000000000000000e+02
6.891482179044028271e+02 5.969770175229568849e+02
6.980000000000000000e+02 5.960000000000000000e+02
7.110000000000000000e+02 6.270000000000000000e+02
7.280000000000000000e+02 6.260000000000000000e+02
7.380000000000000000e+02 6.430000000000000000e+02
7.510000000000000000e+02 6.720000000000000000e+02
7.650000000000000000e+02 6.760000000000000000e+02
7.710000000000000000e+02 6.830000000000000000e+02
7.900000000000000000e+02 6.920000000000000000e+02
7.970000000000000000e+02 7.060000000000000000e+02
7.870000000000000000e+02 7.060000000000000000e+02
7.973597997138770097e+02 7.184268001907487360e+02
7.990000000000000000e+02 7.220000000000000000e+02
7.980000000000000000e+02 7.330000000000000000e+02
8.020000000000000000e+02 7.300000000000000000e+02
8.000000000000000000e+02 7.260000000000000000e+02
8.030000000000000000e+02 7.330000000000000000e+02
8.031858240850295942e+02 7.348362083826332309e+02
8.034977468670542748e+02 7.362398609017440094e+02
8.038096696490788418e+02 7.376435134208547879e+02
8.041215924311034087e+02 7.390471659399655664e+02
8.044335152131280893e+02 7.404508184590763449e+02
8.047454379951526562e+02 7.418544709781871234e+02
8.050000000000000000e+02 7.430000000000000000e+02
8.050000000000000000e+02 7.490000000000000000e+02
8.140000000000000000e+02 7.490000000000000000e+02
8.120000000000000000e+02 7.500000000000000000e+02
7.980000000000000000e+02 7.460000000000000000e+02
8.140000000000000000e+02 7.560000000000000000e+02
8.050000000000000000e+02 7.410000000000000000e+02
8.050000000000000000e+02 7.480000000000000000e+02
8.050000000000000000e+02 7.480000000000000000e+02
8.050000000000000000e+02 7.460000000000000000e+02
8.130000000000000000e+02 7.560000000000000000e+02
8.140000000000000000e+02 7.570000000000000000e+02
8.000000000000000000e+02 7.550000000000000000e+02
8.130000000000000000e+02 7.530000000000000000e+02
7.990000000000000000e+02 7.470000000000000000e+02
8.030000000000000000e+02 7.430000000000000000e+02
8.010000000000000000e+02 7.470000000000000000e+02
8.010000000000000000e+02 7.470000000000000000e+02
8.010000000000000000e+02 7.470000000000000000e+02
8.010000000000000000e+02 7.470000000000000000e+02
8.010000000000000000e+02 7.470000000000000000e+02
8.010000000000000000e+02 7.470000000000000000e+02
8.010000000000000000e+02 7.470000000000000000e+02
8.010000000000000000e+02 7.470000000000000000e+02
8.010000000000000000e+02 7.470000000000000000e+02
7.990000000000000000e+02 7.470000000000000000e+02
8.040000000000000000e+02 7.540000000000000000e+02
7.940000000000000000e+02 7.390000000000000000e+02
7.550000000000000000e+02 7.480000000000000000e+02
7.410000000000000000e+02 7.700000000000000000e+02
7.130000000000000000e+02 7.770000000000000000e+02
6.790000000000000000e+02 7.930000000000000000e+02
6.530000000000000000e+02 7.900000000000000000e+02
6.330000000000000000e+02 8.040000000000000000e+02
6.090000000000000000e+02 8.210000000000000000e+02
5.950000000000000000e+02 8.140000000000000000e+02
5.900000000000000000e+02 8.200000000000000000e+02
5.940000000000000000e+02 8.200000000000000000e+02
5.880000000000000000e+02 8.304359033906177956e+02
5.870000000000000000e+02 8.330000000000000000e+02
5.690000000000000000e+02 8.340000000000000000e+02
5.790000000000000000e+02 8.440000000000000000e+02
5.710000000000000000e+02 8.450000000000000000e+02
5.740000000000000000e+02 8.430000000000000000e+02
5.670000000000000000e+02 8.430000000000000000e+02
5.660000000000000000e+02 8.430000000000000000e+02
5.660000000000000000e+02 8.430000000000000000e+02
5.630000000000000000e+02 8.430000000000000000e+02
5.630000000000000000e+02 8.430000000000000000e+02
5.630000000000000000e+02 8.430000000000000000e+02
5.630000000000000000e+02 8.430000000000000000e+02
5.630000000000000000e+02 8.430000000000000000e+02
5.630000000000000000e+02 8.430000000000000000e+02
5.630000000000000000e+02 8.430000000000000000e+02
5.630000000000000000e+02 8.430000000000000000e+02
5.630000000000000000e+02 8.430000000000000000e+02
5.630000000000000000e+02 8.430000000000000000e+02
5.620000000000000000e+02 8.350000000000000000e+02
5.680000000000000000e+02 8.350000000000000000e+02
5.540000000000000000e+02 8.410000000000000000e+02
5.485062723586675020e+02 8.208916766038522610e+02
5.540000000000000000e+02 7.850000000000000000e+02
5.750000000000000000e+02 7.540000000000000000e+02
5.850000000000000000e+02 7.390000000000000000e+02
6.300000000000000000e+02 7.090000000000000000e+02
6.420000000000000000e+02 6.950000000000000000e+02
6.660000000000000000e+02 6.790000000000000000e+02
6.790000000000000000e+02 6.700000000000000000e+02
6.990000000000000000e+02 6.590000000000000000e+02
7.170000000000000000e+02 6.490000000000000000e+02
7.380000000000000000e+02 6.340000000000000000e+02
7.529556217956393311e+02 6.200443782043606689e+02
7.660000000000000000e+02 6.100000000000000000e+02
7.792687082936129173e+02 5.870000000000000000e+02
7.860000000000000000e+02 5.710000000000000000e+02
8.070000000000000000e+02 5.640000000000000000e+02
8.013849626719559183e+02 5.615032123593088045e+02
8.100000000000000000e+02 5.670000000000000000e+02
8.111440476190475692e+02 5.434154761904761699e+02
8.130000000000000000e+02 5.390000000000000000e+02
8.295629725287633391e+02 5.274370274712366609e+02
8.390000000000000000e+02 5.140000000000000000e+02
8.350000000000000000e+02 5.210000000000000000e+02
8.350000000000000000e+02 5.110000000000000000e+02
8.350000000000000000e+02 5.110000000000000000e+02
8.350000000000000000e+02 5.110000000000000000e+02
8.350000000000000000e+02 5.070000000000000000e+02
8.419304255819407672e+02 5.023478720902962209e+02
8.330000000000000000e+02 5.040000000000000000e+02
8.443617603912002778e+02 5.168794132029332786e+02
8.360000000000000000e+02 5.010000000000000000e+02
8.416766899767003451e+02 5.048120279720404824e+02
8.420000000000000000e+02 5.040000000000000000e+02
8.510000000000000000e+02 5.150000000000000000e+02
8.390000000000000000e+02 5.180000000000000000e+02
8.400000000000000000e+02 5.100000000000000000e+02
8.370000000000000000e+02 5.040000000000000000e+02
8.480000000000000000e+02 5.100000000000000000e+02
8.360000000000000000e+02 5.170000000000000000e+02
8.460000000000000000e+02 5.110000000000000000e+02
8.460000000000000000e+02 5.110000000000000000e+02
8.460000000000000000e+02 5.110000000000000000e+02
8.460000000000000000e+02 5.110000000000000000e+02
8.461267517149002515e+02 5.110000000000000000e+02
8.463179736503053618e+02 5.110000000000000000e+02
8.465091955857103585e+02 5.110000000000000000e+02
8.467004175211154688e+02 5.110000000000000000e+02
8.468916394565204655e+02 5.110000000000000000e+02
8.470000000000000000e+02 5.110000000000000000e+02
8.540000000000000000e+02 5.130000000000000000e+02
8.510000000000000000e+02 5.240000000000000000e+02
8.490000000000000000e+02 5.130000000000000000e+02
8.490000000000000000e+02 5.130000000000000000e+02
8.490000000000000000e+02 5.130000000000000000e+02
8.490000000000000000e+02 5.130000000000000000e+02
8.490000000000000000e+02 5.130000000000000000e+02
8.490000000000000000e+02 5.130000000000000000e+02
8.490000000000000000e+02 5.130000000000000000e+02
8.490000000000000000e+02 5.130000000000000000e+02
8.490000000000000000e+02 5.130000000000000000e+02
8.490000000000000000e+02 5.150000000000000000e+02
8.540000000000000000e+02 5.210000000000000000e+02
8.350000000000000000e+02 5.300000000000000000e+02
8.262967757119322414e+02 5.254688161920452103e+02
8.007236997828354106e+02 5.433827637943015816e+02
7.860000000000000000e+02 5.490000000000000000e+02
7.020000000000000000e+02 5.860000000000000000e+02
6.600000000000000000e+02 5.980000000000000000e+02
6.020000000000000000e+02 6.070000000000000000e+02
5.530000000000000000e+02 6.400000000000000000e+02
5.258414421381755801e+02 6.372564398097334788e+02
4.960000000000000000e+02 6.550000000000000000e+02
4.920000000000000000e+02 6.610000000000000000e+02
4.620000000000000000e+02 6.660000000000000000e+02
4.280000000000000000e+02 6.660000000000000000e+02
4.110000000000000000e+02 6.790000000000000000e+02
3.930000000000000000e+02 7.010000000000000000e+02
3.720000000000000000e+02 6.990000000000000000e+02
3.690000000000000000e+02 6.960000000000000000e+02
3.573421015010696919e+02 7.039360972122991598e+02
3.410000000000000000e+02 7.160000000000000000e+02
3.230000000000000000e+02 7.250000000000000000e+02
3.010000000000000000e+02 7.210000000000000000e+02
3.080000000000000000e+02 7.240000000000000000e+02
3.080000000000000000e+02 7.240000000000000000e+02
3.080000000000000000e+02 7.240000000000000000e+02
3.080000000000000000e+02 7.240000000000000000e+02
3.070000000000000000e+02 7.240000000000000000e+02
3.060000000000000000e+02 7.240000000000000000e+02
3.050000000000000000e+02 7.220000000000000000e+02
3.056570305052480876e+02 7.237225452812159574e+02
3.090000000000000000e+02 7.230000000000000000e+02
2.990000000000000000e+02 7.260000000000000000e+02
2.970000000000000000e+02 7.220000000000000000e+02
2.970000000000000000e+02 7.220000000000000000e+02
2.960000000000000000e+02 7.210000000000000000e+02
2.950000000000000000e+02 7.210000000000000000e+02
2.950000000000000000e+02 7.210000000000000000e+02
2.950000000000000000e+02 7.210000000000000000e+02
2.950000000000000000e+02 7.210000000000000000e+02
2.950000000000000000e+02 7.210000000000000000e+02
2.950000000000000000e+02 7.210000000000000000e+02
2.950000000000000000e+02 7.210000000000000000e+02
2.950000000000000000e+02 7.210000000000000000e+02
2.950000000000000000e+02 7.210000000000000000e+02
2.950000000000000000e+02 7.210000000000000000e+02
3.060000000000000000e+02 7.130000000000000000e+02
3.830000000000000000e+02 7.200000000000000000e+02
4.330000000000000000e+02 7.370000000000000000e+02
4.510000000000000000e+02 7.450000000000000000e+02
4.860000000000000000e+02 7.410000000000000000e+02
5.150000000000000000e+02 7.630000000000000000e+02
5.618795660467347943e+02 7.739160944206136037e+02
5.880000000000000000e+02 7.930000000000000000e+02
6.300000000000000000e+02 7.920000000000000000e+02
6.560000000000000000e+02 8.060000000000000000e+02
6.790000000000000000e+02 8.020000000000000000e+02
7.050000000000000000e+02 8.040000000000000000e+02
7.150000000000000000e+02 8.160000000000000000e+02
7.240000000000000000e+02 8.260000000000000000e+02
7.290000000000000000e+02 8.200000000000000000e+02
7.490000000000000000e+02 8.370000000000000000e+02
7.510000000000000000e+02 8.420000000000000000e+02
7.697587604290822583e+02 8.361711561382597893e+02
7.640000000000000000e+02 8.340000000000000000e+02
7.725527896995793071e+02 8.446733905579477550e+02
7.690000000000000000e+02 8.440000000000000000e+02
7.760000000000000000e+02 8.460000000000000000e+02
7.700000000000000000e+02 8.420000000000000000e+02
7.740000000000000000e+02 8.450000000000000000e+02
7.740000000000000000e+02 8.450000000000000000e+02
7.740000000000000000e+02 8.450000000000000000e+02
7.740000000000000000e+02 8.460000000000000000e+02
7.760000000000000000e+02 8.460000000000000000e+02
7.760000000000000000e+02 8.460000000000000000e+02
7.760000000000000000e+02 8.460000000000000000e+02
7.760000000000000000e+02 8.460000000000000000e+02
7.760000000000000000e+02 8.460000000000000000e+02
7.760000000000000000e+02 8.460000000000000000e+02
7.760000000000000000e+02 8.460000000000000000e+02
7.760000000000000000e+02 8.460000000000000000e+02
7.680000000000000000e+02 8.310000000000000000e+02
7.680000000000000000e+02 7.970000000000000000e+02
7.790000000000000000e+02 7.320000000000000000e+02
7.740000000000000000e+02 6.870000000000000000e+02
7.763123927550146846e+02 6.333438036224926009e+02
7.790000000000000000e+02 5.720000000000000000e+02
7.935173104434963989e+02 5.256547925607699199e+02
7.850000000000000000e+02 5.060000000000000000e+02
7.804829181070434743e+02 4.839658362140870622e+02
7.860000000000000000e+02 4.640000000000000000e+02
7.850000000000000000e+02 4.330000000000000000e+02
7.878062787344986191e+02 4.185130172209746320e+02
7.874302374787516783e+02 4.117442746175308343e+02
7.870541962230048512e+02 4.049755320140865251e+02
7.866781549672579104e+02 3.982067894106422159e+02
7.863021137115109696e+02 3.914380468071979635e+02
7.860000000000000000e+02 3.860000000000000000e+02
7.710000000000000000e+02 2.110000000000000000e+02
7.773191875746707638e+02 1.845959378733536767e+02
7.770000000000000000e+02 1.740000000000000000e+02
7.740000000000000000e+02 1.590000000000000000e+02
7.700000000000000000e+02 1.450000000000000000e+02
7.800000000000000000e+02 1.230000000000000000e+02
7.730000000000000000e+02 1.130000000000000000e+02
7.770000000000000000e+02 1.040000000000000000e+02
7.760000000000000000e+02 1.048502264600704450e+02
7.760000000000000000e+02 1.040000000000000000e+02
7.760000000000000000e+02 1.040000000000000000e+02
7.760000000000000000e+02 1.040000000000000000e+02
7.750000000000000000e+02 1.040000000000000000e+02
7.730000000000000000e+02 1.000000000000000000e+02
7.700000000000000000e+02 1.010000000000000000e+02
7.740000000000000000e+02 9.500000000000000000e+01
7.700000000000000000e+02 9.200000000000000000e+01
7.783352073011379844e+02 9.624327604597182528e+01
7.744356990359697193e+02 9.447077228907711799e+01
7.705361907708013405e+02 9.269826853218241069e+01
7.690000000000000000e+02 9.200000000000000000e+01
7.692260970917536724e+02 9.245219418350723117e+01
7.695289891619582932e+02 9.305797832391650104e+01
7.698318812321629139e+02 9.366376246432577091e+01
7.700000000000000000e+02 9.400000000000000000e+01
7.680000000000000000e+02 9.300000000000000000e+01
7.680000000000000000e+02 9.300000000000000000e+01
7.680000000000000000e+02 9.300000000000000000e+01
7.680000000000000000e+02 9.300000000000000000e+01
7.680000000000000000e+02 9.300000000000000000e+01
7.680000000000000000e+02 9.300000000000000000e+01
7.680000000000000000e+02 9.300000000000000000e+01
7.660000000000000000e+02 9.300000000000000000e+01
7.660000000000000000e+02 9.300000000000000000e+01
7.660000000000000000e+02 9.300000000000000000e+01
7.660000000000000000e+02 9.300000000000000000e+01
7.660000000000000000e+02 9.300000000000000000e+01
7.660000000000000000e+02 9.300000000000000000e+01
7.660000000000000000e+02 9.300000000000000000e+01
7.660000000000000000e+02 9.300000000000000000e+01
7.660000000000000000e+02 9.300000000000000000e+01
7.660000000000000000e+02 9.300000000000000000e+01
7.660000000000000000e+02 9.300000000000000000e+01
7.590000000000000000e+02 9.800000000000000000e+01
7.470000000000000000e+02 1.110000000000000000e+02
7.190000000000000000e+02 1.710000000000000000e+02
7.240000000000000000e+02 2.220000000000000000e+02
7.160000000000000000e+02 2.680000000000000000e+02
7.200000000000000000e+02 3.090000000000000000e+02
7.200000000000000000e+02 3.410000000000000000e+02
7.194448243338835027e+02 3.729019099269040112e+02
7.200000000000000000e+02 4.110000000000000000e+02
7.180000000000000000e+02 4.610000000000000000e+02
7.270000000000000000e+02 5.010000000000000000e+02
7.320000000000000000e+02 5.420000000000000000e+02
7.260000000000000000e+02 5.920000000000000000e+02
7.420000000000000000e+02 6.150000000000000000e+02
7.330000000000000000e+02 6.350000000000000000e+02
7.360000000000000000e+02 6.460000000000000000e+02
7.360000000000000000e+02 6.570000000000000000e+02
7.410000000000000000e+02 6.800000000000000000e+02
7.340000000000000000e+02 6.900000000000000000e+02
7.440000000000000000e+02 6.880000000000000000e+02
7.335078475073303252e+02 7.000000000000000000e+02
7.340000000000000000e+02 7.010000000000000000e+02
7.240000000000000000e+02 6.980000000000000000e+02
7.280000000000000000e+02 7.040000000000000000e+02
7.280000000000000000e+02 7.080000000000000000e+02
7.290000000000000000e+02 7.120000000000000000e+02
7.250000000000000000e+02 7.040000000000000000e+02
7.250000000000000000e+02 7.040000000000000000e+02
7.250000000000000000e+02 7.040000000000000000e+02
7.250000000000000000e+02 7.040000000000000000e+02
7.250000000000000000e+02 7.040000000000000000e+02
7.250000000000000000e+02 7.040000000000000000e+02
7.250000000000000000e+02 7.040000000000000000e+02
7.247569968960165170e+02 7.037569968960165170e+02
7.241919339541300360e+02 7.031919339541300360e+02
7.240000000000000000e+02 7.030000000000000000e+02
7.210000000000000000e+02 7.030000000000000000e+02
7.200000000000000000e+02 6.980000000000000000e+02
7.170000000000000000e+02 6.660000000000000000e+02
6.730000000000000000e+02 6.220000000000000000e+02
5.940000000000000000e+02 5.740000000000000000e+02
5.210000000000000000e+02 5.240000000000000000e+02
4.690000000000000000e+02 4.870000000000000000e+02
4.050000000000000000e+02 4.630000000000000000e+02
3.510000000000000000e+02 4.450000000000000000e+02
3.120000000000000000e+02 4.310000000000000000e+02
2.950000000000000000e+02 4.110000000000000000e+02
2.750000000000000000e+02 3.830000000000000000e+02
2.420000000000000000e+02 3.750000000000000000e+02
2.180000000000000000e+02 3.720000000000000000e+02
2.010000000000000000e+02 3.480000000000000000e+02
1.860000000000000000e+02 3.330000000000000000e+02
1.750000000000000000e+02 3.130000000000000000e+02
1.490000000000000000e+02 3.130000000000000000e+02
1.540000000000000000e+02 2.850000000000000000e+02
1.390000000000000000e+02 2.920000000000000000e+02
1.420000000000000000e+02 2.810000000000000000e+02
1.418497854077253351e+02 2.800333810205054874e+02
1.480000000000000000e+02 2.720000000000000000e+02
1.290000000000000000e+02 2.690000000000000000e+02
1.350000000000000000e+02 2.730000000000000000e+02
1.330000000000000000e+02 2.730000000000000000e+02
1.330000000000000000e+02 2.730000000000000000e+02
1.320000000000000000e+02 2.730000000000000000e+02
1.310000000000000000e+02 2.730000000000000000e+02
1.310000000000000000e+02 2.730000000000000000e+02
1.300000000000000000e+02 2.730000000000000000e+02
1.300000000000000000e+02 2.730000000000000000e+02
1.300000000000000000e+02 2.730000000000000000e+02
1.280000000000000000e+02 2.730000000000000000e+02
1.270000000000000000e+02 2.730000000000000000e+02
1.270000000000000000e+02 2.740000000000000000e+02
1.250000000000000000e+02 2.750000000000000000e+02
1.250000000000000000e+02 2.750000000000000000e+02
1.250000000000000000e+02 2.750000000000000000e+02
1.250000000000000000e+02 2.750000000000000000e+02
1.250000000000000000e+02 2.760000000000000000e+02
1.250000000000000000e+02 2.760000000000000000e+02
1.250000000000000000e+02 2.760000000000000000e+02
1.250000000000000000e+02 2.760000000000000000e+02
1.250000000000000000e+02 2.760000000000000000e+02
1.390000000000000000e+02 2.770000000000000000e+02
1.980000000000000000e+02 3.050000000000000000e+02
3.410000000000000000e+02 3.600000000000000000e+02
3.650000000000000000e+02 3.630000000000000000e+02
4.010000000000000000e+02 3.660000000000000000e+02
4.500000000000000000e+02 3.620000000000000000e+02
4.931695491386172989e+02 3.710666085901710858e+02
4.945783621468567048e+02 3.716200708434079729e+02
4.959871751550959402e+02 3.721735330966448601e+02
4.973959881633351756e+02 3.727269953498816903e+02
4.988048011715746384e+02 3.732804576031185775e+02
5.002136141798138738e+02 3.738339198563554646e+02
5.016224271880532797e+02 3.743873821095923518e+02
5.030312401962925151e+02 3.749408443628291820e+02
5.044400532045317505e+02 3.754943066160660692e+02
5.058488662127711564e+02 3.760477688693029563e+02
5.072576792210103918e+02 3.766012311225397866e+02
5.086664922292498545e+02 3.771546933757767306e+02
5.100753052374890899e+02 3.777081556290135609e+02
5.114841182457283253e+02 3.782616178822503912e+02
5.128929312539677312e+02 3.788150801354873352e+02
5.143017442622069666e+02 3.793685423887241654e+02
5.157105572704464294e+02 3.799220046419611094e+02
5.171193702786856647e+02 3.804754668951979397e+02
5.185281832869249001e+02 3.810289291484347700e+02
5.199369962951643629e+02 3.815823914016717140e+02
5.210000000000000000e+02 3.820000000000000000e+02
5.567329671233476347e+02 3.942058155025296173e+02
7.230000000000000000e+02 4.510000000000000000e+02
7.232738674296599584e+02 4.512738674296600152e+02
7.240000000000000000e+02 4.520000000000000000e+02
7.240000000000000000e+02 4.520000000000000000e+02
7.240000000000000000e+02 4.520000000000000000e+02
7.240000000000000000e+02 4.520000000000000000e+02
7.240000000000000000e+02 4.520000000000000000e+02
7.240000000000000000e+02 4.520000000000000000e+02
7.240000000000000000e+02 4.520000000000000000e+02
7.240000000000000000e+02 4.520000000000000000e+02
7.240000000000000000e+02 4.520000000000000000e+02
7.240000000000000000e+02 4.520000000000000000e+02
7.240000000000000000e+02 4.520000000000000000e+02
7.240000000000000000e+02 4.520000000000000000e+02
7.240000000000000000e+02 4.520000000000000000e+02
7.240000000000000000e+02 4.520000000000000000e+02
7.240000000000000000e+02 4.520000000000000000e+02
7.220000000000000000e+02 4.520000000000000000e+02
7.040000000000000000e+02 4.440000000000000000e+02
7.040000000000000000e+02 4.480000000000000000e+02
6.520000000000000000e+02 3.890000000000000000e+02
6.070000000000000000e+02 3.360000000000000000e+02
5.650000000000000000e+02 2.770000000000000000e+02
5.256290822407628411e+02 2.570000000000000000e+02
5.090000000000000000e+02 2.380000000000000000e+02
4.699862122449093818e+02 1.979894564225777742e+02
4.674727370916049267e+02 1.960673871876979035e+02
4.649592619383001306e+02 1.941453179528177486e+02
4.624457867849956756e+02 1.922232487179378779e+02
4.599323116316908795e+02 1.903011794830577230e+02
4.574188364783864245e+02 1.883791102481778523e+02
4.549053613250819694e+02 1.864570410132979532e+02
4.530000000000000000e+02 1.850000000000000000e+02
3.420000000000000000e+02 9.400000000000000000e+01
3.290000000000000000e+02 9.400000000000000000e+01
3.400000000000000000e+02 8.500000000000000000e+01
3.380000000000000000e+02 8.600000000000000000e+01
3.370000000000000000e+02 8.600000000000000000e+01
3.230000000000000000e+02 8.800000000000000000e+01
3.260000000000000000e+02 8.200000000000000000e+01
3.350000000000000000e+02 8.200000000000000000e+01
3.210000000000000000e+02 8.000000000000000000e+01
3.250000000000000000e+02 7.500000000000000000e+01
3.300000000000000000e+02 7.700000000000000000e+01
3.200000000000000000e+02 7.900000000000000000e+01
3.240000000000000000e+02 7.000000000000000000e+01
3.300000000000000000e+02 7.900000000000000000e+01
3.300000000000000000e+02 7.900000000000000000e+01
3.300000000000000000e+02 7.900000000000000000e+01
3.300000000000000000e+02 7.900000000000000000e+01
3.300000000000000000e+02 7.900000000000000000e+01
3.300000000000000000e+02 7.900000000000000000e+01
3.300000000000000000e+02 7.900000000000000000e+01
3.300000000000000000e+02 7.900000000000000000e+01
3.300000000000000000e+02 7.900000000000000000e+01
3.300000000000000000e+02 7.900000000000000000e+01
3.300000000000000000e+02 7.900000000000000000e+01
3.300000000000000000e+02 7.900000000000000000e+01
3.320000000000000000e+02 9.000000000000000000e+01
3.420000000000000000e+02 1.070000000000000000e+02
3.471967805881296272e+02 1.409875188165560758e+02
3.478463472653273243e+02 1.838589195116046540e+02
3.580000000000000000e+02 1.870000000000000000e+02
3.682460658082975442e+02 2.598769670958512279e+02
3.640000000000000000e+02 2.930000000000000000e+02
3.870000000000000000e+02 3.120000000000000000e+02
3.780000000000000000e+02 3.370000000000000000e+02
3.900000000000000000e+02 3.620000000000000000e+02
3.880000000000000000e+02 3.790000000000000000e+02
4.060000000000000000e+02 4.140000000000000000e+02
4.070000000000000000e+02 4.490000000000000000e+02
4.100000000000000000e+02 4.680000000000000000e+02
4.100000000000000000e+02 4.960000000000000000e+02
4.050000000000000000e+02 5.110000000000000000e+02
4.097078501550857368e+02 5.199214984491428595e+02
4.190000000000000000e+02 5.310000000000000000e+02
4.185730824201993983e+02 5.411461648403987965e+02
4.190000000000000000e+02 5.470000000000000000e+02
4.190000000000000000e+02 5.470000000000000000e+02
4.190000000000000000e+02 5.470000000000000000e+02
4.180000000000000000e+02 5.490000000000000000e+02
4.150000000000000000e+02 5.480000000000000000e+02
4.070000000000000000e+02 5.550000000000000000e+02
4.109271838874985292e+02 5.440000000000000000e+02
4.150000000000000000e+02 5.380000000000000000e+02
4.143922709923464822e+02 5.485406488549560891e+02
4.070000000000000000e+02 5.410000000000000000e+02
4.045645608266805766e+02 5.432252700798328533e+02
4.042546169798568485e+02 5.394907660402863030e+02
4.034469841123132028e+02 5.411060317753735944e+02
4.026393512447697276e+02 5.427212975104605448e+02
4.018317183772260819e+02 5.443365632455478362e+02
4.010240855096825499e+02 5.459518289806349003e+02
4.070000000000000000e+02 5.430000000000000000e+02
4.070000000000000000e+02 5.430000000000000000e+02
4.070000000000000000e+02 5.420000000000000000e+02
4.070000000000000000e+02 5.380000000000000000e+02
4.080000000000000000e+02 5.380000000000000000e+02
4.160000000000000000e+02 5.180000000000000000e+02
4.453320642474823785e+02 4.662702201070493402e+02
5.040000000000000000e+02 3.880000000000000000e+02
5.300000000000000000e+02 3.340000000000000000e+02
5.300000000000000000e+02 3.210000000000000000e+02
5.324349881796690624e+02 3.116753349093774546e+02
5.520000000000000000e+02 3.040000000000000000e+02
5.460000000000000000e+02 2.950000000000000000e+02
5.430000000000000000e+02 2.900000000000000000e+02
5.560000000000000000e+02 2.830000000000000000e+02
5.420000000000000000e+02 2.880000000000000000e+02
5.420000000000000000e+02 2.910000000000000000e+02
5.431377862595476245e+02 2.966200381679645375e+02
5.560000000000000000e+02 3.100000000000000000e+02
5.499634803337193034e+02 2.979634803337192466e+02
5.490000000000000000e+02 3.030000000000000000e+02
5.490000000000000000e+02 3.030000000000000000e+02
5.490000000000000000e+02 3.030000000000000000e+02
5.490000000000000000e+02 3.030000000000000000e+02
5.490000000000000000e+02 3.030000000000000000e+02
5.490000000000000000e+02 3.030000000000000000e+02
5.490000000000000000e+02 3.030000000000000000e+02
5.490000000000000000e+02 3.030000000000000000e+02
5.490000000000000000e+02 3.030000000000000000e+02
5.490000000000000000e+02 3.030000000000000000e+02
5.490000000000000000e+02 3.030000000000000000e+02
5.490000000000000000e+02 3.030000000000000000e+02
5.800000000000000000e+02 2.750000000000000000e+02
6.150000000000000000e+02 2.640000000000000000e+02
6.420000000000000000e+02 2.510000000000000000e+02
6.540000000000000000e+02 2.340000000000000000e+02
6.840000000000000000e+02 2.180000000000000000e+02
7.230000000000000000e+02 2.030000000000000000e+02
7.360000000000000000e+02 1.980000000000000000e+02
7.303844576877263535e+02 1.857300595947684485e+02
7.510000000000000000e+02 1.930000000000000000e+02
7.480000000000000000e+02 1.790000000000000000e+02
7.560000000000000000e+02 1.730000000000000000e+02
7.570000000000000000e+02 1.640000000000000000e+02
7.750000000000000000e+02 1.710000000000000000e+02
7.690000000000000000e+02 1.570000000000000000e+02
7.650000000000000000e+02 1.580000000000000000e+02
7.760000000000000000e+02 1.620000000000000000e+02
7.730000000000000000e+02 1.600000000000000000e+02
7.700000000000000000e+02 1.520000000000000000e+02
7.670000000000000000e+02 1.550000000000000000e+02
7.670000000000000000e+02 1.610000000000000000e+02
7.710000000000000000e+02 1.650000000000000000e+02
7.650000000000000000e+02 1.620000000000000000e+02
7.710000000000000000e+02 1.560000000000000000e+02
7.600000000000000000e+02 1.590000000000000000e+02
7.640000000000000000e+02 1.680000000000000000e+02
7.720000000000000000e+02 1.550000000000000000e+02
7.740000000000000000e+02 1.630000000000000000e+02
7.670000000000000000e+02 1.630000000000000000e+02
7.670000000000000000e+02 1.630000000000000000e+02
7.670000000000000000e+02 1.630000000000000000e+02
7.550000000000000000e+02 1.700000000000000000e+02
6.913910390847745475e+02 1.775363203050751508e+02
6.290000000000000000e+02 1.810000000000000000e+02
5.660000000000000000e+02 1.770000000000000000e+02
5.300000000000000000e+02 1.820000000000000000e+02
4.790000000000000000e+02 1.820000000000000000e+02
4.090000000000000000e+02 1.940000000000000000e+02
3.580000000000000000e+02 1.970000000000000000e+02
3.130000000000000000e+02 1.970000000000000000e+02
2.950000000000000000e+02 1.990000000000000000e+02
2.784655675029811732e+02 2.001639187574529046e+02
2.450000000000000000e+02 1.990000000000000000e+02
2.440000000000000000e+02 1.970000000000000000e+02
2.300000000000000000e+02 2.060000000000000000e+02
2.338395885482505605e+02 2.007593828223758408e+02
2.328831037059390781e+02 1.993246555589086029e+02
2.319266188636274535e+02 1.978899282954411660e+02
2.309701340213159426e+02 1.964552010319739281e+02
2.300136491790044602e+02 1.950204737685066902e+02
2.290571643366928356e+02 1.935857465050392534e+02
2.281006794943813532e+02 1.921510192415720439e+02
2.240000000000000000e+02 1.980000000000000000e+02
1.980000000000000000e+02 1.970000000000000000e+02
2.050000000000000000e+02 1.990000000000000000e+02
2.050000000000000000e+02 1.990000000000000000e+02
2.050000000000000000e+02 1.990000000000000000e+02
2.050000000000000000e+02 1.990000000000000000e+02
2.050000000000000000e+02 1.990000000000000000e+02
2.050000000000000000e+02 1.990000000000000000e+02
2.050000000000000000e+02 1.990000000000000000e+02
2.050000000000000000e+02 1.990000000000000000e+02
2.050000000000000000e+02 1.990000000000000000e+02
2.050000000000000000e+02 1.990000000000000000e+02
2.050000000000000000e+02 1.990000000000000000e+02
2.050000000000000000e+02 1.990000000000000000e+02
2.057852725985374036e+02 2.017852725985374036e+02
2.120000000000000000e+02 2.080000000000000000e+02
2.170000000000000000e+02 2.440000000000000000e+02
2.130000000000000000e+02 3.000000000000000000e+02
2.140000000000000000e+02 3.590000000000000000e+02
2.110000000000000000e+02 3.980000000000000000e+02
2.103217273634439266e+02 4.195282049763586087e+02
2.152895601938904235e+02 4.431254109209795615e+02
2.220000000000000000e+02 4.520000000000000000e+02
2.406367449064824484e+02 5.163938758489196061e+02
2.351058434962862975e+02 5.402544854033515094e+02
2.430756731732605260e+02 5.525714949041299633e+02
2.410000000000000000e+02 5.620000000000000000e+02
2.550000000000000000e+02 5.870000000000000000e+02
2.580000000000000000e+02 6.080000000000000000e+02
2.450000000000000000e+02 6.200000000000000000e+02
2.500000000000000000e+02 6.310000000000000000e+02
2.530000000000000000e+02 6.590000000000000000e+02
2.560000000000000000e+02 6.582346208869813609e+02
2.600000000000000000e+02 6.740000000000000000e+02
2.543635453895597038e+02 6.942425303788470501e+02
2.610000000000000000e+02 7.190000000000000000e+02
2.560000000000000000e+02 7.280000000000000000e+02
2.500000000000000000e+02 7.560000000000000000e+02
2.460000000000000000e+02 7.590000000000000000e+02
2.500000000000000000e+02 7.660000000000000000e+02
2.660000000000000000e+02 7.820000000000000000e+02
2.670000000000000000e+02 7.770000000000000000e+02
2.680000000000000000e+02 7.900000000000000000e+02
2.569649022413567536e+02 7.926942298522038755e+02
2.670000000000000000e+02 8.100000000000000000e+02
2.540000000000000000e+02 8.200000000000000000e+02
2.670000000000000000e+02 8.240000000000000000e+02
2.540000000000000000e+02 8.590000000000000000e+02
2.610444452594895210e+02 8.654777773702552395e+02
2.600000000000000000e+02 8.590000000000000000e+02
2.600000000000000000e+02 8.590000000000000000e+02
2.600000000000000000e+02 8.590000000000000000e+02
2.580000000000000000e+02 8.580000000000000000e+02
2.500000000000000000e+02 8.520000000000000000e+02
2.514844539818888336e+02 8.542723891273333265e+02
2.540000000000000000e+02 8.490000000000000000e+02
2.540000000000000000e+02 8.460000000000000000e+02
2.540000000000000000e+02 8.460000000000000000e+02
2.550000000000000000e+02 8.460000000000000000e+02
2.550000000000000000e+02 8.460000000000000000e+02
2.550000000000000000e+02 8.460000000000000000e+02
2.550000000000000000e+02 8.460000000000000000e+02
2.550000000000000000e+02 8.460000000000000000e+02
2.530000000000000000e+02 8.320000000000000000e+02
2.620000000000000000e+02 8.390000000000000000e+02
2.504053828306375067e+02 8.322296055685063720e+02
2.520000000000000000e+02 8.300000000000000000e+02
2.579686494218619828e+02 8.366062701156275807e+02
2.480000000000000000e+02 8.430000000000000000e+02
2.550000000000000000e+02 8.460000000000000000e+02
2.600000000000000000e+02 8.300000000000000000e+02
2.550000000000000000e+02 8.410000000000000000e+02
2.530000000000000000e+02 8.400000000000000000e+02
2.540000000000000000e+02 8.330000000000000000e+02
2.580000000000000000e+02 8.330000000000000000e+02
2.570487684508862003e+02 8.323577449762022979e+02
2.626736229448108020e+02 8.223580036536695843e+02
2.540000000000000000e+02 8.170000000000000000e+02
2.343650763358650693e+02 6.598253816793253463e+02
2.130000000000000000e+02 5.560000000000000000e+02
1.910000000000000000e+02 4.830000000000000000e+02
1.700000000000000000e+02 4.380000000000000000e+02
1.570000000000000000e+02 3.890000000000000000e+02
1.410000000000000000e+02 3.760000000000000000e+02
1.450000000000000000e+02 3.240000000000000000e+02
1.370000000000000000e+02 3.150000000000000000e+02
1.460000000000000000e+02 2.870000000000000000e+02
1.400455195424213457e+02 2.688939466158245750e+02
1.290000000000000000e+02 2.480000000000000000e+02
1.310000000000000000e+02 2.180000000000000000e+02
1.280000000000000000e+02 2.050000000000000000e+02
1.150000000000000000e+02 1.810000000000000000e+02
1.200000000000000000e+02 1.770000000000000000e+02
1.090000000000000000e+02 1.520000000000000000e+02
1.010000000000000000e+02 1.480000000000000000e+02
1.000000000000000000e+02 1.430000000000000000e+02
1.030000000000000000e+02 1.210000000000000000e+02
8.800000000000000000e+01 1.210000000000000000e+02
1.014694242460258238e+02 1.143183454523845057e+02
8.900000000000000000e+01 1.170000000000000000e+02
9.100000000000000000e+01 1.130000000000000000e+02
8.700000000000000000e+01 1.070000000000000000e+02
8.566930652016171166e+01 1.035039597802425675e+02
8.458236135586183480e+01 1.018735420337927451e+02
8.400000000000000000e+01 1.010000000000000000e+02
9.000000000000000000e+01 1.010000000000000000e+02
7.800000000000000000e+01 9.900000000000000000e+01
8.500000000000000000e+01 9.500000000000000000e+01
8.900000000000000000e+01 8.800000000000000000e+01
8.032668257755425145e+01 9.353584725535996824e+01
7.400000000000000000e+01 9.600000000000000000e+01
7.400000000000000000e+01 9.100000000000000000e+01
8.100000000000000000e+01 8.900000000000000000e+01
8.100000000000000000e+01 8.900000000000000000e+01
7.600000000000000000e+01 9.200000000000000000e+01
7.900000000000000000e+01 9.300000000000000000e+01
7.900000000000000000e+01 9.300000000000000000e+01
8.800000000000000000e+01 1.140000000000000000e+02
1.000000000000000000e+02 1.260000000000000000e+02
1.160000000000000000e+02 1.720000000000000000e+02
1.403296587927135022e+02 2.092357432594790794e+02
1.790000000000000000e+02 2.580000000000000000e+02
2.150000000000000000e+02 3.330000000000000000e+02
2.640000000000000000e+02 3.750000000000000000e+02
3.090000000000000000e+02 4.380000000000000000e+02
3.470000000000000000e+02 4.640000000000000000e+02
3.970000000000000000e+02 5.030000000000000000e+02
4.160000000000000000e+02 5.240000000000000000e+02
4.450000000000000000e+02 5.640000000000000000e+02
4.704889766112748362e+02 5.756057090697308922e+02
4.847746072076936343e+02 6.006055626134639169e+02
4.956359170045398628e+02 6.013316956833128870e+02
5.340000000000000000e+02 6.580000000000000000e+02
5.630000000000000000e+02 6.980000000000000000e+02
5.720000000000000000e+02 6.990000000000000000e+02
5.990000000000000000e+02 7.370000000000000000e+02
6.100000000000000000e+02 7.640000000000000000e+02
6.270000000000000000e+02 7.780000000000000000e+02
6.380000000000000000e+02 7.920000000000000000e+02
6.790000000000000000e+02 8.140000000000000000e+02
6.820000000000000000e+02 8.260000000000000000e+02
6.810000000000000000e+02 8.440000000000000000e+02
7.023648068669527902e+02 8.463648068669527902e+02
7.130000000000000000e+02 8.470000000000000000e+02
7.177577981651326127e+02 8.496060288335525001e+02
7.270000000000000000e+02 8.630000000000000000e+02
7.210000000000000000e+02 8.590000000000000000e+02
7.240000000000000000e+02 8.600000000000000000e+02
7.320000000000000000e+02 8.550000000000000000e+02
7.390000000000000000e+02 8.710000000000000000e+02
7.330000000000000000e+02 8.670000000000000000e+02
7.310000000000000000e+02 8.690000000000000000e+02
7.340000000000000000e+02 8.720000000000000000e+02
7.433184752829129138e+02 8.757876831447247241e+02
7.440000000000000000e+02 8.740000000000000000e+02
7.440000000000000000e+02 8.740000000000000000e+02
7.440000000000000000e+02 8.740000000000000000e+02
7.440000000000000000e+02 8.740000000000000000e+02
7.440000000000000000e+02 8.740000000000000000e+02
7.440000000000000000e+02 8.740000000000000000e+02
7.440000000000000000e+02 8.740000000000000000e+02
7.440000000000000000e+02 8.740000000000000000e+02
7.450000000000000000e+02 8.740000000000000000e+02
7.450000000000000000e+02 8.740000000000000000e+02
7.450000000000000000e+02 8.740000000000000000e+02
7.520000000000000000e+02 8.600000000000000000e+02
7.340000000000000000e+02 8.430000000000000000e+02
7.030000000000000000e+02 7.740000000000000000e+02
6.810000000000000000e+02 7.290000000000000000e+02
6.590000000000000000e+02 6.750000000000000000e+02
6.547714353838759962e+02 6.423143061516281023e+02
6.460000000000000000e+02 6.050000000000000000e+02
6.400000000000000000e+02 5.530000000000000000e+02
6.270000000000000000e+02 5.610000000000000000e+02
6.260000000000000000e+02 5.500000000000000000e+02
6.310000000000000000e+02 5.400000000000000000e+02
6.320000000000000000e+02 5.390000000000000000e+02
6.150000000000000000e+02 5.310000000000000000e+02
6.170000000000000000e+02 5.250000000000000000e+02
6.300000000000000000e+02 5.110000000000000000e+02
6.230000000000000000e+02 5.090000000000000000e+02
6.220000000000000000e+02 5.150000000000000000e+02
6.220000000000000000e+02 5.130000000000000000e+02
6.220000000000000000e+02 5.130000000000000000e+02
6.210000000000000000e+02 5.130000000000000000e+02
6.210000000000000000e+02 5.130000000000000000e+02
6.210000000000000000e+02 5.130000000000000000e+02
6.210000000000000000e+02 5.130000000000000000e+02
6.210000000000000000e+02 5.130000000000000000e+02
6.190000000000000000e+02 5.150000000000000000e+02
6.190000000000000000e+02 5.170000000000000000e+02
6.170710575680519696e+02 5.228578848638960608e+02
6.170000000000000000e+02 5.230000000000000000e+02
6.170000000000000000e+02 5.240000000000000000e+02
6.170000000000000000e+02 5.240000000000000000e+02
6.170000000000000000e+02 5.240000000000000000e+02
6.170000000000000000e+02 5.240000000000000000e+02
6.170000000000000000e+02 5.240000000000000000e+02
6.170000000000000000e+02 5.240000000000000000e+02
6.170000000000000000e+02 5.240000000000000000e+02
6.170000000000000000e+02 5.240000000000000000e+02
6.170000000000000000e+02 5.220000000000000000e+02
6.220000000000000000e+02 5.050000000000000000e+02
5.862431466029923968e+02 4.996680810488378484e+02
4.940000000000000000e+02 4.850000000000000000e+02
4.380000000000000000e+02 4.780000000000000000e+02
4.030000000000000000e+02 4.730000000000000000e+02
3.630000000000000000e+02 4.610000000000000000e+02
3.120000000000000000e+02 4.530000000000000000e+02
2.500000000000000000e+02 4.600000000000000000e+02
2.380000000000000000e+02 4.530000000000000000e+02
2.080000000000000000e+02 4.620000000000000000e+02
1.890000000000000000e+02 4.450000000000000000e+02
1.910000000000000000e+02 4.500000000000000000e+02
1.762391221373988799e+02 4.509021946565027861e+02
1.810000000000000000e+02 4.480000000000000000e+02
1.620000000000000000e+02 4.470000000000000000e+02
1.500000000000000000e+02 4.470000000000000000e+02
1.570000000000000000e+02 4.470000000000000000e+02
1.520000000000000000e+02 4.580000000000000000e+02
1.410000000000000000e+02 4.540000000000000000e+02
1.270000000000000000e+02 4.490000000000000000e+02
1.280000000000000000e+02 4.580000000000000000e+02
1.180000000000000000e+02 4.590000000000000000e+02
1.150000000000000000e+02 4.610000000000000000e+02
1.150000000000000000e+02 4.610000000000000000e+02
1.140000000000000000e+02 4.610000000000000000e+02
1.140000000000000000e+02 4.610000000000000000e+02
1.140000000000000000e+02 4.610000000000000000e+02
1.140000000000000000e+02 4.610000000000000000e+02
1.140000000000000000e+02 4.610000000000000000e+02
1.190000000000000000e+02 4.680000000000000000e+02
1.120000000000000000e+02 4.620000000000000000e+02
1.120000000000000000e+02 4.620000000000000000e+02
1.120000000000000000e+02 4.620000000000000000e+02
1.120000000000000000e+02 4.620000000000000000e+02
1.110000000000000000e+02 4.610000000000000000e+02
1.110000000000000000e+02 4.610000000000000000e+02
1.110000000000000000e+02 4.610000000000000000e+02
1.110000000000000000e+02 4.600000000000000000e+02
1.110000000000000000e+02 4.580000000000000000e+02
1.110000000000000000e+02 4.580000000000000000e+02
1.110000000000000000e+02 4.580000000000000000e+02
1.110000000000000000e+02 4.580000000000000000e+02
1.110000000000000000e+02 4.580000000000000000e+02
1.110000000000000000e+02 4.580000000000000000e+02
1.110000000000000000e+02 4.580000000000000000e+02
1.110000000000000000e+02 4.580000000000000000e+02
1.110000000000000000e+02 4.580000000000000000e+02
1.110000000000000000e+02 4.580000000000000000e+02
1.110000000000000000e+02 4.580000000000000000e+02
1.110000000000000000e+02 4.580000000000000000e+02
1.110000000000000000e+02 4.580000000000000000e+02
1.110000000000000000e+02 4.580000000000000000e+02
1.110000000000000000e+02 4.580000000000000000e+02
1.110000000000000000e+02 4.580000000000000000e+02
1.110000000000000000e+02 4.580000000000000000e+02
1.110000000000000000e+02 4.580000000000000000e+02
1.110000000000000000e+02 4.580000000000000000e+02
1.110000000000000000e+02 4.580000000000000000e+02
1.200000000000000000e+02 4.660000000000000000e+02
1.430000000000000000e+02 4.750000000000000000e+02
1.790000000000000000e+02 5.110000000000000000e+02
1.970000000000000000e+02 5.190000000000000000e+02
2.110000000000000000e+02 5.340000000000000000e+02
2.219896387832642972e+02 5.510000000000000000e+02
2.200000000000000000e+02 5.620000000000000000e+02
2.300179406172112522e+02 5.660897030860562609e+02
2.304605262102688812e+02 5.683026310513444059e+02
2.309031118033264534e+02 5.705155590166322099e+02
2.310000000000000000e+02 5.800000000000000000e+02
2.360000000000000000e+02 6.010000000000000000e+02
2.450000000000000000e+02 6.100000000000000000e+02
2.470000000000000000e+02 6.190000000000000000e+02
2.390000000000000000e+02 6.220000000000000000e+02
2.390000000000000000e+02 6.220000000000000000e+02
2.390000000000000000e+02 6.220000000000000000e+02
2.390000000000000000e+02 6.220000000000000000e+02
2.390000000000000000e+02 6.220000000000000000e+02
2.390000000000000000e+02 6.220000000000000000e+02
2.390000000000000000e+02 6.220000000000000000e+02
2.390000000000000000e+02 6.220000000000000000e+02
2.390000000000000000e+02 6.220000000000000000e+02
2.390000000000000000e+02 6.220000000000000000e+02
2.390000000000000000e+02 6.220000000000000000e+02
2.390000000000000000e+02 6.220000000000000000e+02
2.390000000000000000e+02 6.220000000000000000e+02
2.390000000000000000e+02 6.220000000000000000e+02
2.390000000000000000e+02 6.220000000000000000e+02
2.390000000000000000e+02 6.220000000000000000e+02
2.390000000000000000e+02 6.220000000000000000e+02
2.390000000000000000e+02 6.220000000000000000e+02
2.390000000000000000e+02 6.220000000000000000e+02
2.390000000000000000e+02 6.209982984137079711e+02
2.390000000000000000e+02 6.200000000000000000e+02
2.420000000000000000e+02 5.860000000000000000e+02
2.390000000000000000e+02 5.660000000000000000e+02
2.560000000000000000e+02 5.630000000000000000e+02
2.470000000000000000e+02 5.534393643319536977e+02
2.470000000000000000e+02 5.280000000000000000e+02
2.405811747885227589e+02 5.034729417371590898e+02
2.480000000000000000e+02 4.840000000000000000e+02
2.310000000000000000e+02 4.910000000000000000e+02
2.430000000000000000e+02 4.840000000000000000e+02
2.360000000000000000e+02 5.020000000000000000e+02
2.250000000000000000e+02 4.940000000000000000e+02
2.140000000000000000e+02 5.160000000000000000e+02
2.000000000000000000e+02 5.300000000000000000e+02
2.030000000000000000e+02 5.230000000000000000e+02
2.150000000000000000e+02 5.130000000000000000e+02
1.820000000000000000e+02 5.240000000000000000e+02
1.641517571121375738e+02 5.300000000000000000e+02
1.600000000000000000e+02 5.390000000000000000e+02
1.540000000000000000e+02 5.410000000000000000e+02
1.550000000000000000e+02 5.510000000000000000e+02
1.390000000000000000e+02 5.570000000000000000e+02
1.340000000000000000e+02 5.540000000000000000e+02
1.370000000000000000e+02 5.560000000000000000e+02
1.280000000000000000e+02 5.610000000000000000e+02
1.250000000000000000e+02 5.640000000000000000e+02
1.317425246763090740e+02 5.631144334771959166e+02
1.299173076978866277e+02 5.639256410231614609e+02
1.280920907194641813e+02 5.647368485691270052e+02
1.262668737410414792e+02 5.655480561150926633e+02
1.244416567626190329e+02 5.663592636610582076e+02
1.220000000000000000e+02 5.520000000000000000e+02
1.120000000000000000e+02 5.680000000000000000e+02
1.200000000000000000e+02 5.530000000000000000e+02
1.160000000000000000e+02 5.610000000000000000e+02
1.180000000000000000e+02 5.560000000000000000e+02
1.180000000000000000e+02 5.560000000000000000e+02
1.180000000000000000e+02 5.560000000000000000e+02
1.180000000000000000e+02 5.560000000000000000e+02
1.180000000000000000e+02 5.560000000000000000e+02
1.180000000000000000e+02 5.560000000000000000e+02
1.180000000000000000e+02 5.560000000000000000e+02
1.180000000000000000e+02 5.560000000000000000e+02
1.379408051453072801e+02 5.545424011434016620e+02
1.750000000000000000e+02 5.010000000000000000e+02
2.480000000000000000e+02 4.310000000000000000e+02
2.710000000000000000e+02 3.820000000000000000e+02
3.110000000000000000e+02 3.550000000000000000e+02
3.450000000000000000e+02 3.070000000000000000e+02
3.690000000000000000e+02 2.550000000000000000e+02
3.710000000000000000e+02 2.170000000000000000e+02
3.920000000000000000e+02 1.930000000000000000e+02
4.033502268927861110e+02 1.718248865536069445e+02
4.240000000000000000e+02 1.510000000000000000e+02
4.445795469077145299e+02 1.192083280050466385e+02
4.390000000000000000e+02 1.130000000000000000e+02
4.620000000000000000e+02 9.100000000000000000e+01
4.830000000000000000e+02 8.200000000000000000e+01
4.830000000000000000e+02 5.900000000000000000e+01
4.860000000000000000e+02 5.600000000000000000e+01
4.900000000000000000e+02 3.800000000000000000e+01
5.060000000000000000e+02 3.700000000000000000e+01
5.100000000000000000e+02 3.000000000000000000e+01
5.150000000000000000e+02 2.372799809455758080e+01
5.150000000000000000e+02 2.600000000000000000e+01
5.190000000000000000e+02 1.500000000000000000e+01
5.170000000000000000e+02 1.100000000000000000e+01
5.177982803260993023e+02 2.331931213043973017e+01
5.240000000000000000e+02 1.500000000000000000e+01
5.330000000000000000e+02 3.000000000000000000e+00
5.350000000000000000e+02 2.000000000000000000e+00
5.360000000000000000e+02 1.100000000000000000e+01
5.360000000000000000e+02 1.100000000000000000e+01
5.290000000000000000e+02 9.000000000000000000e+00
5.338248803827323172e+02 1.334239234445910682e+01
5.370000000000000000e+02 1.000000000000000000e+01
5.370000000000000000e+02 1.000000000000000000e+01
5.370000000000000000e+02 1.000000000000000000e+01
5.370000000000000000e+02 1.000000000000000000e+01
5.370000000000000000e+02 1.000000000000000000e+01
5.370000000000000000e+02 1.000000000000000000e+01
5.370000000000000000e+02 1.000000000000000000e+01
5.370000000000000000e+02 1.000000000000000000e+01
5.170000000000000000e+02 7.800000000000000000e+01
5.070000000000000000e+02 1.420000000000000000e+02
4.830000000000000000e+02 2.420000000000000000e+02
4.650000000000000000e+02 3.230000000000000000e+02
4.430000000000000000e+02 4.140000000000000000e+02
4.300000000000000000e+02 4.700000000000000000e+02
4.180000000000000000e+02 5.420000000000000000e+02
4.170000000000000000e+02 6.210000000000000000e+02
4.210000000000000000e+02 6.810000000000000000e+02
4.300000000000000000e+02 7.020000000000000000e+02
4.320000000000000000e+02 7.340000000000000000e+02
4.240000000000000000e+02 7.397051759337203976e+02
4.310000000000000000e+02 7.610000000000000000e+02
4.170000000000000000e+02 7.900000000000000000e+02
4.230000000000000000e+02 7.920000000000000000e+02
4.320000000000000000e+02 8.210000000000000000e+02
4.340000000000000000e+02 8.220000000000000000e+02
4.290000000000000000e+02 8.230000000000000000e+02
4.210000000000000000e+02 8.460000000000000000e+02
4.370000000000000000e+02 8.390000000000000000e+02
4.360906272358693059e+02 8.516374910565227765e+02
4.370000000000000000e+02 8.670000000000000000e+02
4.400000000000000000e+02 8.670000000000000000e+02
4.380000000000000000e+02 8.650000000000000000e+02
4.370000000000000000e+02 8.560000000000000000e+02
4.340837056917558812e+02 8.612808310967747047e+02
4.280000000000000000e+02 8.630000000000000000e+02
4.330000000000000000e+02 8.640000000000000000e+02
4.330000000000000000e+02 8.680000000000000000e+02
4.390000000000000000e+02 8.670000000000000000e+02
4.390000000000000000e+02 8.720000000000000000e+02
4.390000000000000000e+02 8.720000000000000000e+02
4.390000000000000000e+02 8.720000000000000000e+02
4.390000000000000000e+02 8.720000000000000000e+02
4.390000000000000000e+02 8.720000000000000000e+02
4.390000000000000000e+02 8.720000000000000000e+02
4.390000000000000000e+02 8.720000000000000000e+02
4.390000000000000000e+02 8.720000000000000000e+02
4.390000000000000000e+02 8.720000000000000000e+02
4.390000000000000000e+02 8.720000000000000000e+02
4.390000000000000000e+02 8.720000000000000000e+02
4.390000000000000000e+02 8.720000000000000000e+02
4.390000000000000000e+02 8.720000000000000000e+02
4.390000000000000000e+02 8.720000000000000000e+02
4.390000000000000000e+02 8.720000000000000000e+02
4.390000000000000000e+02 8.720000000000000000e+02
4.390000000000000000e+02 8.720000000000000000e+02
4.390000000000000000e+02 8.720000000000000000e+02
4.390000000000000000e+02 8.720000000000000000e+02
4.390000000000000000e+02 8.720000000000000000e+02
4.390000000000000000e+02 8.730000000000000000e+02
4.400000000000000000e+02 8.740000000000000000e+02
4.400000000000000000e+02 8.740000000000000000e+02
4.400000000000000000e+02 8.740000000000000000e+02
4.400000000000000000e+02 8.740000000000000000e+02
4.400000000000000000e+02 8.740000000000000000e+02
4.400000000000000000e+02 8.740000000000000000e+02
4.400000000000000000e+02 8.740000000000000000e+02
4.400000000000000000e+02 8.740000000000000000e+02
4.400000000000000000e+02 8.740000000000000000e+02
4.400000000000000000e+02 8.740000000000000000e+02
4.400000000000000000e+02 8.740000000000000000e+02
4.400000000000000000e+02 8.750000000000000000e+02
4.400000000000000000e+02 8.750000000000000000e+02
4.400000000000000000e+02 8.750000000000000000e+02
4.450000000000000000e+02 8.580000000000000000e+02
4.460000000000000000e+02 7.970000000000000000e+02
4.550000000000000000e+02 7.080000000000000000e+02
4.490000000000000000e+02 6.570000000000000000e+02
4.480000000000000000e+02 6.030000000000000000e+02
4.525479063165365687e+02 5.598386562573929268e+02
4.590000000000000000e+02 5.080000000000000000e+02
4.530000000000000000e+02 4.440000000000000000e+02
4.530000000000000000e+02 4.130000000000000000e+02
4.610000000000000000e+02 3.820000000000000000e+02
4.740000000000000000e+02 3.430000000000000000e+02
4.670000000000000000e+02 3.090000000000000000e+02
4.770000000000000000e+02 2.940000000000000000e+02
4.790000000000000000e+02 2.780000000000000000e+02
4.950000000000000000e+02 2.590000000000000000e+02
4.877919881293441335e+02 2.423420623209433984e+02
4.920000000000000000e+02 2.440000000000000000e+02
4.930000000000000000e+02 2.090000000000000000e+02
5.050890538922041628e+02 2.065343233532248917e+02
4.950000000000000000e+02 1.990000000000000000e+02
5.000000000000000000e+02 1.940000000000000000e+02
4.930000000000000000e+02 1.980000000000000000e+02
5.040000000000000000e+02 1.880000000000000000e+02
5.020000000000000000e+02 1.870000000000000000e+02
5.020000000000000000e+02 1.870000000000000000e+02
4.930000000000000000e+02 1.847805168512564080e+02
5.090000000000000000e+02 1.790000000000000000e+02
5.000000000000000000e+02 1.860000000000000000e+02
5.000000000000000000e+02 1.860000000000000000e+02
5.000000000000000000e+02 1.860000000000000000e+02
5.000000000000000000e+02 1.860000000000000000e+02
5.000000000000000000e+02 1.860000000000000000e+02
5.000000000000000000e+02 1.860000000000000000e+02
5.000000000000000000e+02 1.860000000000000000e+02
5.000000000000000000e+02 1.860000000000000000e+02
4.950000000000000000e+02 1.860000000000000000e+02
4.950000000000000000e+02 1.870000000000000000e+02
4.950000000000000000e+02 1.870000000000000000e+02
4.950000000000000000e+02 1.870000000000000000e+02
4.950000000000000000e+02 1.870000000000000000e+02
4.950000000000000000e+02 1.870000000000000000e+02
4.856330113297569255e+02 2.006057960643751130e+02
4.840886498747628934e+02 2.213794508766596891e+02
4.850000000000000000e+02 2.230000000000000000e+02
4.650000000000000000e+02 2.590000000000000000e+02
4.490000000000000000e+02 2.700000000000000000e+02
4.360000000000000000e+02 2.940000000000000000e+02
4.140000000000000000e+02 3.170000000000000000e+02
4.180000000000000000e+02 3.300000000000000000e+02
4.040000000000000000e+02 3.420000000000000000e+02
3.970000000000000000e+02 3.430000000000000000e+02
3.900000000000000000e+02 3.580000000000000000e+02
3.910000000000000000e+02 3.590000000000000000e+02
3.920000000000000000e+02 3.730000000000000000e+02
3.940000000000000000e+02 3.700000000000000000e+02
3.940000000000000000e+02 3.700000000000000000e+02
3.960000000000000000e+02 3.620000000000000000e+02
3.960000000000000000e+02 3.720000000000000000e+02
3.970000000000000000e+02 3.720000000000000000e+02
4.000000000000000000e+02 3.720000000000000000e+02
4.010000000000000000e+02 3.720000000000000000e+02
4.030000000000000000e+02 3.720000000000000000e+02
4.030000000000000000e+02 3.720000000000000000e+02
4.030000000000000000e+02 3.720000000000000000e+02
4.030000000000000000e+02 3.720000000000000000e+02
4.040000000000000000e+02 3.720000000000000000e+02
4.050000000000000000e+02 3.700000000000000000e+02
4.050000000000000000e+02 3.710000000000000000e+02
4.050000000000000000e+02 3.710000000000000000e+02
4.050000000000000000e+02 3.710000000000000000e+02
4.050000000000000000e+02 3.710000000000000000e+02
4.050000000000000000e+02 3.710000000000000000e+02
4.050000000000000000e+02 3.710000000000000000e+02
4.050000000000000000e+02 3.710000000000000000e+02
4.080000000000000000e+02 3.720000000000000000e+02
4.330000000000000000e+02 3.680000000000000000e+02
5.410000000000000000e+02 3.800000000000000000e+02
5.980000000000000000e+02 3.790000000000000000e+02
5.910000000000000000e+02 3.790000000000000000e+02
6.066781924406961934e+02 3.804747347084873468e+02
6.410000000000000000e+02 3.930000000000000000e+02
6.873908462454792243e+02 4.031328247914154872e+02
7.260000000000000000e+02 3.890000000000000000e+02
7.565609715835424822e+02 3.898780568329150356e+02
7.790000000000000000e+02 3.880000000000000000e+02
8.203594085380395882e+02 3.963202957309802059e+02
8.250000000000000000e+02 4.000000000000000000e+02
8.380000000000000000e+02 3.990000000000000000e+02
8.530000000000000000e+02 4.070000000000000000e+02
8.600000000000000000e+02 4.050000000000000000e+02
8.610000000000000000e+02 4.050000000000000000e+02
8.700000000000000000e+02 4.130000000000000000e+02
8.660000000000000000e+02 4.090000000000000000e+02
8.640000000000000000e+02 4.050000000000000000e+02
8.590000000000000000e+02 4.190000000000000000e+02
8.590000000000000000e+02 4.160000000000000000e+02
8.656458612187474273e+02 4.183541387812526295e+02
8.710000000000000000e+02 4.210000000000000000e+02
8.619657848324234237e+02 4.219239506173035466e+02
8.610000000000000000e+02 4.090000000000000000e+02
8.710000000000000000e+02 4.240000000000000000e+02
8.640000000000000000e+02 4.190000000000000000e+02
8.650000000000000000e+02 4.170000000000000000e+02
8.650000000000000000e+02 4.170000000000000000e+02
8.650000000000000000e+02 4.170000000000000000e+02
8.660000000000000000e+02 4.170000000000000000e+02
8.670000000000000000e+02 4.170000000000000000e+02
8.670000000000000000e+02 4.170000000000000000e+02
8.670000000000000000e+02 4.170000000000000000e+02
8.670000000000000000e+02 4.170000000000000000e+02
8.670000000000000000e+02 4.170000000000000000e+02
8.670000000000000000e+02 4.170000000000000000e+02
8.670000000000000000e+02 4.170000000000000000e+02
8.670000000000000000e+02 4.170000000000000000e+02
8.670000000000000000e+02 4.177504884441295872e+02
8.570000000000000000e+02 4.240000000000000000e+02
7.726393860066818888e+02 4.603694669205069658e+02
6.890000000000000000e+02 5.090000000000000000e+02
6.290000000000000000e+02 5.540000000000000000e+02
5.950000000000000000e+02 5.670000000000000000e+02
5.130000000000000000e+02 6.050000000000000000e+02
4.770000000000000000e+02 6.470000000000000000e+02
4.130000000000000000e+02 6.790000000000000000e+02
3.700000000000000000e+02 7.060000000000000000e+02
3.473960474913380381e+02 7.328694160410045697e+02
3.367613922857670445e+02 7.368824934770690334e+02
3.261267370801960510e+02 7.408955709131336107e+02
3.154920818746220448e+02 7.449086483491992112e+02
3.048574266690510512e+02 7.489217257852637886e+02
3.020000000000000000e+02 7.500000000000000000e+02
1.871032858320574803e+02 8.232879519491225437e+02
1.750000000000000000e+02 8.350000000000000000e+02
1.780000000000000000e+02 8.400000000000000000e+02
1.710000000000000000e+02 8.480000000000000000e+02
1.680000000000000000e+02 8.530000000000000000e+02
1.610000000000000000e+02 8.540000000000000000e+02
1.420000000000000000e+02 8.620000000000000000e+02
1.430000000000000000e+02 8.670000000000000000e+02
1.300000000000000000e+02 8.770000000000000000e+02
1.240000000000000000e+02 8.790000000000000000e+02
1.230000000000000000e+02 8.860000000000000000e+02
1.197037063183917951e+02 8.860000000000000000e+02
1.190000000000000000e+02 8.860000000000000000e+02
1.150000000000000000e+02 8.880000000000000000e+02
1.080000000000000000e+02 8.940000000000000000e+02
1.060000000000000000e+02 8.940000000000000000e+02
1.060000000000000000e+02 8.940000000000000000e+02
1.060000000000000000e+02 8.940000000000000000e+02
1.040000000000000000e+02 8.940000000000000000e+02
1.040000000000000000e+02 8.940000000000000000e+02
1.040000000000000000e+02 8.940000000000000000e+02
1.040000000000000000e+02 8.937455194221997772e+02
1.040000000000000000e+02 8.932827425651028079e+02
1.040000000000000000e+02 8.928199657080060661e+02
1.040000000000000000e+02 8.923571888509092105e+02
1.040000000000000000e+02 8.920000000000000000e+02
1.080000000000000000e+02 8.830000000000000000e+02
1.150000000000000000e+02 8.870000000000000000e+02
1.050000000000000000e+02 8.920000000000000000e+02
1.100000000000000000e+02 8.900000000000000000e+02
1.030000000000000000e+02 8.820000000000000000e+02
1.030000000000000000e+02 8.820000000000000000e+02
1.030000000000000000e+02 8.820000000000000000e+02
1.030000000000000000e+02 8.820000000000000000e+02
1.030000000000000000e+02 8.820000000000000000e+02
1.040000000000000000e+02 8.820000000000000000e+02
1.050000000000000000e+02 8.820000000000000000e+02
1.050000000000000000e+02 8.830000000000000000e+02
1.050000000000000000e+02 8.830000000000000000e+02
1.490000000000000000e+02 8.690000000000000000e+02
2.350000000000000000e+02 8.420000000000000000e+02
3.960000000000000000e+02 8.130000000000000000e+02
3.920000000000000000e+02 8.050000000000000000e+02
4.420000000000000000e+02 7.790000000000000000e+02
4.473972918891336690e+02 7.774820116561811574e+02
4.531532380425506403e+02 7.758631518005325916e+02
4.589091841959676117e+02 7.742442919448841394e+02
4.646651303493862315e+02 7.726254320892351188e+02
4.704210765028032029e+02 7.710065722335865530e+02
4.740000000000000000e+02 7.700000000000000000e+02
5.770000000000000000e+02 7.190000000000000000e+02
5.770000000000000000e+02 7.190000000000000000e+02
5.770000000000000000e+02 7.190000000000000000e+02
5.770000000000000000e+02 7.190000000000000000e+02
5.770000000000000000e+02 7.190000000000000000e+02
5.900000000000000000e+02 7.230000000000000000e+02
5.970000000000000000e+02 7.210000000000000000e+02
6.056201769064665541e+02 7.125315802055428094e+02
6.140000000000000000e+02 7.210000000000000000e+02
6.050000000000000000e+02 7.140000000000000000e+02
6.090000000000000000e+02 7.280000000000000000e+02
6.100000000000000000e+02 7.230000000000000000e+02
6.000000000000000000e+02 7.260000000000000000e+02
5.970000000000000000e+02 7.130000000000000000e+02
6.060000000000000000e+02 7.200000000000000000e+02
6.070000000000000000e+02 7.210000000000000000e+02
6.080000000000000000e+02 7.210000000000000000e+02
6.080000000000000000e+02 7.210000000000000000e+02
6.080000000000000000e+02 7.210000000000000000e+02
6.080000000000000000e+02 7.210000000000000000e+02
6.080000000000000000e+02 7.210000000000000000e+02
6.080000000000000000e+02 7.210000000000000000e+02
6.080000000000000000e+02 7.210000000000000000e+02
6.080000000000000000e+02 7.210000000000000000e+02
6.080000000000000000e+02 7.210000000000000000e+02
6.080000000000000000e+02 7.210000000000000000e+02
6.080000000000000000e+02 7.210000000000000000e+02
6.080000000000000000e+02 7.210000000000000000e+02
6.080000000000000000e+02 7.210000000000000000e+02
6.080000000000000000e+02 7.210000000000000000e+02
6.080000000000000000e+02 7.210000000000000000e+02
6.080000000000000000e+02 7.210000000000000000e+02
6.080000000000000000e+02 7.210000000000000000e+02
6.080000000000000000e+02 7.180000000000000000e+02
6.080000000000000000e+02 7.100000000000000000e+02
6.130000000000000000e+02 7.090000000000000000e+02
6.080000000000000000e+02 6.990000000000000000e+02
6.350000000000000000e+02 6.870000000000000000e+02
6.450000000000000000e+02 6.730000000000000000e+02
6.620000000000000000e+02 6.590000000000000000e+02
6.690892432175154454e+02 6.551784864350308908e+02
6.610000000000000000e+02 6.500000000000000000e+02
6.668870333294159991e+02 6.551694500058760013e+02
6.710000000000000000e+02 6.360000000000000000e+02
6.670000000000000000e+02 6.360000000000000000e+02
6.630000000000000000e+02 6.060000000000000000e+02
6.860000000000000000e+02 5.530000000000000000e+02
6.920000000000000000e+02 5.140000000000000000e+02
6.930000000000000000e+02 4.730000000000000000e+02
6.900000000000000000e+02 4.590000000000000000e+02
6.750000000000000000e+02 4.440000000000000000e+02
6.788879670063191725e+02 4.220000000000000000e+02
6.800000000000000000e+02 4.060000000000000000e+02
6.770000000000000000e+02 4.120000000000000000e+02
6.790000000000000000e+02 4.100000000000000000e+02
6.690000000000000000e+02 4.050000000000000000e+02
6.630000000000000000e+02 3.950000000000000000e+02
6.670000000000000000e+02 4.050000000000000000e+02
6.710000000000000000e+02 4.010000000000000000e+02
6.710000000000000000e+02 4.010000000000000000e+02
6.710000000000000000e+02 4.010000000000000000e+02
6.710000000000000000e+02 4.010000000000000000e+02
6.710000000000000000e+02 4.010000000000000000e+02
6.710000000000000000e+02 4.010000000000000000e+02
6.710000000000000000e+02 4.010000000000000000e+02
6.710000000000000000e+02 4.010000000000000000e+02
6.710000000000000000e+02 4.010000000000000000e+02
6.710000000000000000e+02 4.010000000000000000e+02
6.860000000000000000e+02 3.930000000000000000e+02
7.230000000000000000e+02 4.000000000000000000e+02
7.540000000000000000e+02 3.990000000000000000e+02
7.540000000000000000e+02 3.990000000000000000e+02
7.620000000000000000e+02 4.000000000000000000e+02
7.600000000000000000e+02 3.930000000000000000e+02
7.600000000000000000e+02 3.950000000000000000e+02
7.657838867566417775e+02 4.072923739312143994e+02
7.700000000000000000e+02 3.970000000000000000e+02
7.710000000000000000e+02 4.010000000000000000e+02
7.600000000000000000e+02 4.110000000000000000e+02
7.570000000000000000e+02 4.090000000000000000e+02
7.660000000000000000e+02 4.090000000000000000e+02
7.660000000000000000e+02 4.090000000000000000e+02
7.660000000000000000e+02 4.090000000000000000e+02
7.660000000000000000e+02 4.090000000000000000e+02
7.660000000000000000e+02 4.090000000000000000e+02
7.660000000000000000e+02 4.090000000000000000e+02
7.660000000000000000e+02 4.090000000000000000e+02
7.660000000000000000e+02 4.080000000000000000e+02
7.650000000000000000e+02 4.030000000000000000e+02
7.699614178351821465e+02 4.063976369413630891e+02
7.680000000000000000e+02 4.060000000000000000e+02
7.690000000000000000e+02 4.040000000000000000e+02
7.690000000000000000e+02 4.040000000000000000e+02
7.690000000000000000e+02 4.040000000000000000e+02
7.690000000000000000e+02 4.040000000000000000e+02
7.690000000000000000e+02 4.040000000000000000e+02
7.690000000000000000e+02 4.040000000000000000e+02
7.690000000000000000e+02 4.040000000000000000e+02
7.690000000000000000e+02 4.040000000000000000e+02
7.690000000000000000e+02 4.040000000000000000e+02
7.690000000000000000e+02 4.040000000000000000e+02
7.690000000000000000e+02 4.040000000000000000e+02
7.690000000000000000e+02 4.040000000000000000e+02
7.690000000000000000e+02 4.040000000000000000e+02
7.677520371407883886e+02 4.089526935083742387e+02
7.220000000000000000e+02 4.340000000000000000e+02
6.482697260817444658e+02 4.734568797141988057e+02
5.768264065854763203e+02 5.243245334869753833e+02
5.490101832892556786e+02 5.412750445581098120e+02
5.211939599930349232e+02 5.582255556292443543e+02
5.210000000000000000e+02 5.700000000000000000e+02
3.880000000000000000e+02 6.440000000000000000e+02
3.400000000000000000e+02 6.560000000000000000e+02
3.040000000000000000e+02 6.810000000000000000e+02
2.620000000000000000e+02 6.970000000000000000e+02
2.480000000000000000e+02 7.120000000000000000e+02
2.080000000000000000e+02 7.150000000000000000e+02
1.850000000000000000e+02 7.352449925999718516e+02
1.520000000000000000e+02 7.380000000000000000e+02
1.400000000000000000e+02 7.410000000000000000e+02
1.140000000000000000e+02 7.440000000000000000e+02
7.700000000000000000e+01 7.510000000000000000e+02
7.500000000000000000e+01 7.480000000000000000e+02
6.900000000000000000e+01 7.570000000000000000e+02
7.200000000000000000e+01 7.460000000000000000e+02
6.600000000000000000e+01 7.530000000000000000e+02
5.800000000000000000e+01 7.460000000000000000e+02
5.300000000000000000e+01 7.660000000000000000e+02
6.241986166011439252e+01 7.506437252963426090e+02
5.900000000000000000e+01 7.680000000000000000e+02
5.264124597207303680e+01 7.668295739348370716e+02
5.600000000000000000e+01 7.640000000000000000e+02
5.200000000000000000e+01 7.590000000000000000e+02
5.400000000000000000e+01 7.660000000000000000e+02
5.500000000000000000e+01 7.730000000000000000e+02
5.417114589187593765e+01 7.655403130268833820e+02
5.300000000000000000e+01 7.670000000000000000e+02
5.600000000000000000e+01 7.670000000000000000e+02
5.000000000000000000e+01 7.650000000000000000e+02
4.700000000000000000e+01 7.620000000000000000e+02
4.400000000000000000e+01 7.720000000000000000e+02
4.400000000000000000e+01 7.720000000000000000e+02
4.300000000000000000e+01 7.720000000000000000e+02
4.000000000000000000e+01 7.720000000000000000e+02
4.000000000000000000e+01 7.720000000000000000e+02
4.000000000000000000e+01 7.720000000000000000e+02
4.000000000000000000e+01 7.720000000000000000e+02
4.000000000000000000e+01 7.720000000000000000e+02
4.000000000000000000e+01 7.720000000000000000e+02
4.000000000000000000e+01 7.720000000000000000e+02
4.000000000000000000e+01 7.720000000000000000e+02
4.200000000000000000e+01 7.720000000000000000e+02
6.479296105120423022e+01 7.630982637259040757e+02
1.120000000000000000e+02 7.610000000000000000e+02
1.860000000000000000e+02 7.290000000000000000e+02
1.980000000000000000e+02 7.300000000000000000e+02
2.240000000000000000e+02 7.220000000000000000e+02
2.360000000000000000e+02 7.240000000000000000e+02
2.810000000000000000e+02 7.080000000000000000e+02
3.160000000000000000e+02 7.100000000000000000e+02
3.390000000000000000e+02 7.030000000000000000e+02
3.460000000000000000e+02 6.940000000000000000e+02
3.594308539463364696e+02 6.996544953953466575e+02
3.690000000000000000e+02 6.940000000000000000e+02
4.160000000000000000e+02 6.860000000000000000e+02
4.470000000000000000e+02 6.720000000000000000e+02
4.640000000000000000e+02 6.620000000000000000e+02
5.330000000000000000e+02 6.570000000000000000e+02
5.600000000000000000e+02 6.500000000000000000e+02
5.850000000000000000e+02 6.310000000000000000e+02
5.970000000000000000e+02 6.290000000000000000e+02
6.190000000000000000e+02 6.170000000000000000e+02
6.420000000000000000e+02 5.990000000000000000e+02
6.760000000000000000e+02 5.920000000000000000e+02
6.826451858913363822e+02 5.865322211629953699e+02
7.130000000000000000e+02 5.850000000000000000e+02
7.201108991176906784e+02 5.659780109705402538e+02
7.240000000000000000e+02 5.640000000000000000e+02
7.350000000000000000e+02 5.640000000000000000e+02
7.370000000000000000e+02 5.600000000000000000e+02
7.400000000000000000e+02 5.600000000000000000e+02
7.390000000000000000e+02 5.560000000000000000e+02
7.460000000000000000e+02 5.510000000000000000e+02
7.440000000000000000e+02 5.570000000000000000e+02
7.460000000000000000e+02 5.560000000000000000e+02
7.390000000000000000e+02 5.480000000000000000e+02
7.510000000000000000e+02 5.570000000000000000e+02
7.480000000000000000e+02 5.530000000000000000e+02
7.480000000000000000e+02 5.530000000000000000e+02
7.480000000000000000e+02 5.530000000000000000e+02
7.480000000000000000e+02 5.530000000000000000e+02
7.480000000000000000e+02 5.520000000000000000e+02
7.480000000000000000e+02 5.520000000000000000e+02
7.480000000000000000e+02 5.520000000000000000e+02
7.480000000000000000e+02 5.520000000000000000e+02
7.480000000000000000e+02 5.520000000000000000e+02
7.480000000000000000e+02 5.520000000000000000e+02
7.480000000000000000e+02 5.520000000000000000e+02
7.480000000000000000e+02 5.520000000000000000e+02
7.480000000000000000e+02 5.540000000000000000e+02
7.480000000000000000e+02 5.540000000000000000e+02
7.480000000000000000e+02 5.540000000000000000e+02
7.480000000000000000e+02 5.540000000000000000e+02
7.480000000000000000e+02 5.550000000000000000e+02
7.440000000000000000e+02 5.650000000000000000e+02
7.440000000000000000e+02 5.550000000000000000e+02
7.350000000000000000e+02 5.560000000000000000e+02
7.440000000000000000e+02 5.640000000000000000e+02
7.440000000000000000e+02 5.640000000000000000e+02
7.440000000000000000e+02 5.640000000000000000e+02
7.440000000000000000e+02 5.640000000000000000e+02
7.600000000000000000e+02 5.540000000000000000e+02
8.450000000000000000e+02 5.730000000000000000e+02
1.099000000000000000e+03 5.830000000000000000e+02
1.370000000000000000e+03 6.120000000000000000e+02
1.682000000000000000e+03 6.750000000000000000e+02
1.824000000000000000e+03 7.140000000000000000e+02
1.873875412973112361e+03 7.638754129731123612e+02
1.885000000000000000e+03 7.710000000000000000e+02
1.926000000000000000e+03 8.040000000000000000e+02
1.915731727673780824e+03 7.930000000000000000e+02
1.923000000000000000e+03 7.960000000000000000e+02
1.922000000000000000e+03 7.990000000000000000e+02
1.923000000000000000e+03 7.910000000000000000e+02
1.924000000000000000e+03 8.060000000000000000e+02
1.928000000000000000e+03 8.070000000000000000e+02
1.911000000000000000e+03 7.950000000000000000e+02
1.922000000000000000e+03 8.040000000000000000e+02
1.915000000000000000e+03 7.960000000000000000e+02
1.918000000000000000e+03 7.990000000000000000e+02
1.918000000000000000e+03 7.990000000000000000e+02
1.918000000000000000e+03 7.990000000000000000e+02
1.918000000000000000e+03 7.990000000000000000e+02
1.918000000000000000e+03 7.990000000000000000e+02
1.918000000000000000e+03 7.990000000000000000e+02
1.918000000000000000e+03 7.990000000000000000e+02
1.918000000000000000e+03 7.990000000000000000e+02
1.918000000000000000e+03 7.990000000000000000e+02
1.918000000000000000e+03 7.990000000000000000e+02
1.918000000000000000e+03 7.990000000000000000e+02
1.918000000000000000e+03 7.990000000000000000e+02
1.918000000000000000e+03 7.990000000000000000e+02
1.918000000000000000e+03 7.990000000000000000e+02
1.918000000000000000e+03 7.990000000000000000e+02
1.918000000000000000e+03 7.990000000000000000e+02
1.918000000000000000e+03 7.990000000000000000e+02
1.918000000000000000e+03 7.990000000000000000e+02
1.918000000000000000e+03 7.990000000000000000e+02
1.918000000000000000e+03 7.990000000000000000e+02
1.918000000000000000e+03 7.990000000000000000e+02
1.918000000000000000e+03 7.990000000000000000e+02
1.918000000000000000e+03 7.990000000000000000e+02
1.918000000000000000e+03 7.990000000000000000e+02
1.918000000000000000e+03 7.990000000000000000e+02
1.918000000000000000e+03 7.990000000000000000e+02
1.918000000000000000e+03 7.990000000000000000e+02
1.918000000000000000e+03 7.990000000000000000e+02
1.918000000000000000e+03 7.990000000000000000e+02
1.918000000000000000e+03 7.990000000000000000e+02
1.918000000000000000e+03 7.990000000000000000e+02
1.918000000000000000e+03 7.990000000000000000e+02
1.918000000000000000e+03 7.990000000000000000e+02
1.918000000000000000e+03 7.990000000000000000e+02
1.918000000000000000e+03 7.990000000000000000e+02
1.918000000000000000e+03 7.990000000000000000e+02
1.918000000000000000e+03 7.990000000000000000e+02
1.918000000000000000e+03 7.990000000000000000e+02
1.918000000000000000e+03 7.990000000000000000e+02
1.918000000000000000e+03 7.990000000000000000e+02
1.918000000000000000e+03 7.990000000000000000e+02
1.918000000000000000e+03 7.990000000000000000e+02
1.918000000000000000e+03 7.990000000000000000e+02
1.918000000000000000e+03 7.990000000000000000e+02
1.918000000000000000e+03 7.990000000000000000e+02
1.918000000000000000e+03 7.990000000000000000e+02
1.918000000000000000e+03 7.990000000000000000e+02
1.918000000000000000e+03 7.990000000000000000e+02
1.918000000000000000e+03 7.990000000000000000e+02
1.918000000000000000e+03 7.990000000000000000e+02
1.918000000000000000e+03 7.990000000000000000e+02
1.918000000000000000e+03 7.990000000000000000e+02
1.918000000000000000e+03 7.990000000000000000e+02
1.918000000000000000e+03 7.990000000000000000e+02
1.918000000000000000e+03 7.990000000000000000e+02
1.918000000000000000e+03 7.990000000000000000e+02
1.918000000000000000e+03 7.990000000000000000e+02
1.918000000000000000e+03 7.990000000000000000e+02
1.918000000000000000e+03 7.990000000000000000e+02
1.918000000000000000e+03 7.990000000000000000e+02
1.918000000000000000e+03 7.990000000000000000e+02
1.918000000000000000e+03 7.990000000000000000e+02
1.918000000000000000e+03 7.990000000000000000e+02
1.918000000000000000e+03 7.990000000000000000e+02
1.918000000000000000e+03 7.990000000000000000e+02
1.918000000000000000e+03 7.990000000000000000e+02
1.918000000000000000e+03 7.990000000000000000e+02
1.918000000000000000e+03 7.990000000000000000e+02
1.918000000000000000e+03 7.990000000000000000e+02
1.918000000000000000e+03 7.990000000000000000e+02
1.918000000000000000e+03 7.990000000000000000e+02
1.918000000000000000e+03 7.990000000000000000e+02
1.918000000000000000e+03 7.990000000000000000e+02
1.918000000000000000e+03 7.990000000000000000e+02
1.918000000000000000e+03 7.990000000000000000e+02
1.918000000000000000e+03 7.990000000000000000e+02
1.918000000000000000e+03 7.990000000000000000e+02
1.918000000000000000e+03 7.990000000000000000e+02
1.918000000000000000e+03 7.990000000000000000e+02
1.918000000000000000e+03 7.990000000000000000e+02
1.918000000000000000e+03 7.990000000000000000e+02
1.918000000000000000e+03 7.990000000000000000e+02
1.918000000000000000e+03 7.990000000000000000e+02
1.918000000000000000e+03 7.990000000000000000e+02
1.918000000000000000e+03 7.990000000000000000e+02
1.918000000000000000e+03 7.990000000000000000e+02
1.918000000000000000e+03 7.990000000000000000e+02
1.918000000000000000e+03 7.990000000000000000e+02
1.918000000000000000e+03 7.990000000000000000e+02
1.918000000000000000e+03 7.990000000000000000e+02
1.918000000000000000e+03 7.990000000000000000e+02
1.918000000000000000e+03 7.990000000000000000e+02
1.918000000000000000e+03 7.990000000000000000e+02
1.918000000000000000e+03 7.990000000000000000e+02
1.918000000000000000e+03 7.990000000000000000e+02
1.918000000000000000e+03 7.990000000000000000e+02
1.918000000000000000e+03 7.990000000000000000e+02
1.918000000000000000e+03 7.990000000000000000e+02
1.918000000000000000e+03 7.990000000000000000e+02
1.918000000000000000e+03 7.990000000000000000e+02
1.918000000000000000e+03 7.990000000000000000e+02
1.918000000000000000e+03 7.990000000000000000e+02
1.918000000000000000e+03 7.990000000000000000e+02
1.918000000000000000e+03 7.990000000000000000e+02
1.918000000000000000e+03 7.990000000000000000e+02
1.918000000000000000e+03 7.990000000000000000e+02
1.918000000000000000e+03 7.990000000000000000e+02
1.918000000000000000e+03 7.990000000000000000e+02
1.918000000000000000e+03 7.990000000000000000e+02
1.918000000000000000e+03 7.990000000000000000e+02
1.918000000000000000e+03 7.990000000000000000e+02
1.918000000000000000e+03 7.990000000000000000e+02
1.918000000000000000e+03 7.990000000000000000e+02
1.918000000000000000e+03 7.990000000000000000e+02
1.918000000000000000e+03 7.990000000000000000e+02
1.918000000000000000e+03 7.990000000000000000e+02
1.918000000000000000e+03 7.990000000000000000e+02
1.918000000000000000e+03 7.990000000000000000e+02
1.918000000000000000e+03 7.990000000000000000e+02
1.918000000000000000e+03 7.990000000000000000e+02
1.918000000000000000e+03 7.990000000000000000e+02
1.918000000000000000e+03 7.990000000000000000e+02
1.918000000000000000e+03 7.990000000000000000e+02
1.918000000000000000e+03 7.990000000000000000e+02
