9.820000000000000000e+02 4.600000000000000000e+02
9.820000000000000000e+02 4.600000000000000000e+02
9.820000000000000000e+02 4.600000000000000000e+02
9.820000000000000000e+02 4.600000000000000000e+02
9.820000000000000000e+02 4.600000000000000000e+02
9.820000000000000000e+02 4.600000000000000000e+02
9.820000000000000000e+02 4.600000000000000000e+02
9.820000000000000000e+02 4.600000000000000000e+02
9.820000000000000000e+02 4.600000000000000000e+02
9.820000000000000000e+02 4.600000000000000000e+02
9.820000000000000000e+02 4.600000000000000000e+02
9.820000000000000000e+02 4.600000000000000000e+02
9.820000000000000000e+02 4.600000000000000000e+02
9.820000000000000000e+02 4.600000000000000000e+02
9.820000000000000000e+02 4.600000000000000000e+02
9.820000000000000000e+02 4.600000000000000000e+02
9.820000000000000000e+02 4.600000000000000000e+02
9.820000000000000000e+02 4.600000000000000000e+02
9.820000000000000000e+02 4.600000000000000000e+02
9.820000000000000000e+02 4.600000000000000000e+02
9.820000000000000000e+02 4.600000000000000000e+02
9.820000000000000000e+02 4.600000000000000000e+02
9.820000000000000000e+02 4.600000000000000000e+02
9.820000000000000000e+02 4.600000000000000000e+02
9.820000000000000000e+02 4.600000000000000000e+02
9.820000000000000000e+02 4.600000000000000000e+02
9.820000000000000000e+02 4.600000000000000000e+02
9.820000000000000000e+02 4.600000000000000000e+02
9.820000000000000000e+02 4.600000000000000000e+02
9.820000000000000000e+02 4.600000000000000000e+02
9.820000000000000000e+02 4.600000000000000000e+02
9.820000000000000000e+02 4.600000000000000000e+02
9.820000000000000000e+02 4.600000000000000000e+02
7.490000000000000000e+02 1.530000000000000000e+02
7.490000000000000000e+02 1.530000000000000000e+02
7.490000000000000000e+02 1.530000000000000000e+02
7.490000000000000000e+02 1.530000000000000000e+02
7.490000000000000000e+02 1.530000000000000000e+02
7.490000000000000000e+02 1.530000000000000000e+02
7.490000000000000000e+02 1.530000000000000000e+02
7.490000000000000000e+02 1.530000000000000000e+02
7.490000000000000000e+02 1.530000000000000000e+02
7.490000000000000000e+02 1.530000000000000000e+02
7.490000000000000000e+02 1.530000000000000000e+02
7.490000000000000000e+02 1.530000000000000000e+02
7.490000000000000000e+02 1.530000000000000000e+02
7.490000000000000000e+02 1.530000000000000000e+02
7.490000000000000000e+02 1.530000000000000000e+02
7.490000000000000000e+02 1.530000000000000000e+02
7.490000000000000000e+02 1.530000000000000000e+02
7.490000000000000000e+02 1.530000000000000000e+02
7.490000000000000000e+02 1.530000000000000000e+02
7.490000000000000000e+02 1.530000000000000000e+02
7.490000000000000000e+02 1.530000000000000000e+02
7.490000000000000000e+02 1.530000000000000000e+02
7.490000000000000000e+02 1.530000000000000000e+02
7.490000000000000000e+02 1.530000000000000000e+02
7.490000000000000000e+02 1.530000000000000000e+02
7.490000000000000000e+02 1.530000000000000000e+02
7.490000000000000000e+02 1.530000000000000000e+02
7.490000000000000000e+02 1.530000000000000000e+02
7.490000000000000000e+02 1.530000000000000000e+02
7.490000000000000000e+02 1.530000000000000000e+02
7.490000000000000000e+02 1.530000000000000000e+02
7.490000000000000000e+02 1.530000000000000000e+02
7.490000000000000000e+02 1.530000000000000000e+02
7.490000000000000000e+02 1.530000000000000000e+02
7.490000000000000000e+02 1.530000000000000000e+02
7.490000000000000000e+02 1.530000000000000000e+02
7.490000000000000000e+02 1.530000000000000000e+02
4.450000000000000000e+02 6.030000000000000000e+02
4.450000000000000000e+02 6.030000000000000000e+02
4.450000000000000000e+02 6.030000000000000000e+02
4.450000000000000000e+02 6.030000000000000000e+02
4.450000000000000000e+02 6.030000000000000000e+02
4.450000000000000000e+02 6.030000000000000000e+02
4.450000000000000000e+02 6.030000000000000000e+02
4.450000000000000000e+02 6.030000000000000000e+02
4.450000000000000000e+02 6.030000000000000000e+02
4.450000000000000000e+02 6.030000000000000000e+02
4.450000000000000000e+02 6.030000000000000000e+02
4.450000000000000000e+02 6.030000000000000000e+02
4.450000000000000000e+02 6.030000000000000000e+02
4.450000000000000000e+02 6.030000000000000000e+02
4.450000000000000000e+02 6.030000000000000000e+02
4.450000000000000000e+02 6.030000000000000000e+02
4.450000000000000000e+02 6.030000000000000000e+02
4.450000000000000000e+02 6.030000000000000000e+02
4.450000000000000000e+02 6.030000000000000000e+02
4.450000000000000000e+02 6.030000000000000000e+02
4.450000000000000000e+02 6.030000000000000000e+02
4.450000000000000000e+02 6.030000000000000000e+02
4.450000000000000000e+02 6.030000000000000000e+02
4.450000000000000000e+02 6.030000000000000000e+02
4.450000000000000000e+02 6.030000000000000000e+02
4.450000000000000000e+02 6.030000000000000000e+02
4.450000000000000000e+02 6.030000000000000000e+02
4.450000000000000000e+02 6.030000000000000000e+02
4.450000000000000000e+02 6.030000000000000000e+02
4.450000000000000000e+02 6.030000000000000000e+02
4.450000000000000000e+02 6.030000000000000000e+02
4.450000000000000000e+02 6.030000000000000000e+02
4.450000000000000000e+02 6.030000000000000000e+02
4.450000000000000000e+02 6.030000000000000000e+02
1.700000000000000000e+01 7.630000000000000000e+02
1.700000000000000000e+01 7.630000000000000000e+02
1.700000000000000000e+01 7.630000000000000000e+02
1.700000000000000000e+01 7.630000000000000000e+02
1.700000000000000000e+01 7.630000000000000000e+02
1.700000000000000000e+01 7.630000000000000000e+02
1.700000000000000000e+01 7.630000000000000000e+02
1.700000000000000000e+01 7.630000000000000000e+02
1.700000000000000000e+01 7.630000000000000000e+02
1.700000000000000000e+01 7.630000000000000000e+02
1.700000000000000000e+01 7.630000000000000000e+02
1.700000000000000000e+01 7.630000000000000000e+02
1.700000000000000000e+01 7.630000000000000000e+02
1.700000000000000000e+01 7.630000000000000000e+02
1.700000000000000000e+01 7.630000000000000000e+02
1.700000000000000000e+01 7.630000000000000000e+02
1.700000000000000000e+01 7.630000000000000000e+02
1.700000000000000000e+01 7.630000000000000000e+02
1.700000000000000000e+01 7.630000000000000000e+02
1.700000000000000000e+01 7.630000000000000000e+02
1.700000000000000000e+01 7.630000000000000000e+02
1.700000000000000000e+01 7.630000000000000000e+02
1.700000000000000000e+01 7.630000000000000000e+02
1.700000000000000000e+01 7.630000000000000000e+02
1.700000000000000000e+01 7.630000000000000000e+02
1.700000000000000000e+01 7.630000000000000000e+02
1.700000000000000000e+01 7.630000000000000000e+02
1.700000000000000000e+01 7.630000000000000000e+02
1.700000000000000000e+01 7.630000000000000000e+02
1.700000000000000000e+01 7.630000000000000000e+02
1.700000000000000000e+01 7.630000000000000000e+02
1.700000000000000000e+01 7.630000000000000000e+02
1.700000000000000000e+01 7.630000000000000000e+02
1.700000000000000000e+01 7.630000000000000000e+02
1.700000000000000000e+01 7.630000000000000000e+02
1.700000000000000000e+01 7.630000000000000000e+02
1.700000000000000000e+01 7.630000000000000000e+02
7.110000000000000000e+02 7.200000000000000000e+01
7.110000000000000000e+02 7.200000000000000000e+01
7.110000000000000000e+02 7.200000000000000000e+01
7.110000000000000000e+02 7.200000000000000000e+01
7.110000000000000000e+02 7.200000000000000000e+01
7.110000000000000000e+02 7.200000000000000000e+01
7.110000000000000000e+02 7.200000000000000000e+01
7.110000000000000000e+02 7.200000000000000000e+01
7.110000000000000000e+02 7.200000000000000000e+01
7.110000000000000000e+02 7.200000000000000000e+01
7.110000000000000000e+02 7.200000000000000000e+01
7.110000000000000000e+02 7.200000000000000000e+01
7.110000000000000000e+02 7.200000000000000000e+01
7.110000000000000000e+02 7.200000000000000000e+01
7.110000000000000000e+02 7.200000000000000000e+01
7.110000000000000000e+02 7.200000000000000000e+01
7.110000000000000000e+02 7.200000000000000000e+01
7.110000000000000000e+02 7.200000000000000000e+01
7.110000000000000000e+02 7.200000000000000000e+01
7.110000000000000000e+02 7.200000000000000000e+01
7.110000000000000000e+02 7.200000000000000000e+01
7.110000000000000000e+02 7.200000000000000000e+01
7.110000000000000000e+02 7.200000000000000000e+01
7.110000000000000000e+02 7.200000000000000000e+01
7.110000000000000000e+02 7.200000000000000000e+01
7.110000000000000000e+02 7.200000000000000000e+01
7.110000000000000000e+02 7.200000000000000000e+01
7.110000000000000000e+02 7.200000000000000000e+01
7.110000000000000000e+02 7.200000000000000000e+01
7.110000000000000000e+02 7.200000000000000000e+01
7.110000000000000000e+02 7.200000000000000000e+01
7.110000000000000000e+02 7.200000000000000000e+01
7.110000000000000000e+02 7.200000000000000000e+01
4.200000000000000000e+02 3.220000000000000000e+02
4.200000000000000000e+02 3.220000000000000000e+02
4.200000000000000000e+02 3.220000000000000000e+02
4.200000000000000000e+02 3.220000000000000000e+02
4.200000000000000000e+02 3.220000000000000000e+02
4.200000000000000000e+02 3.220000000000000000e+02
4.200000000000000000e+02 3.220000000000000000e+02
4.200000000000000000e+02 3.220000000000000000e+02
4.200000000000000000e+02 3.220000000000000000e+02
4.200000000000000000e+02 3.220000000000000000e+02
4.200000000000000000e+02 3.220000000000000000e+02
4.200000000000000000e+02 3.220000000000000000e+02
4.200000000000000000e+02 3.220000000000000000e+02
4.200000000000000000e+02 3.220000000000000000e+02
4.200000000000000000e+02 3.220000000000000000e+02
4.200000000000000000e+02 3.220000000000000000e+02
4.200000000000000000e+02 3.220000000000000000e+02
4.200000000000000000e+02 3.220000000000000000e+02
4.200000000000000000e+02 3.220000000000000000e+02
4.200000000000000000e+02 3.220000000000000000e+02
4.200000000000000000e+02 3.220000000000000000e+02
4.200000000000000000e+02 3.220000000000000000e+02
4.200000000000000000e+02 3.220000000000000000e+02
4.200000000000000000e+02 3.220000000000000000e+02
4.200000000000000000e+02 3.220000000000000000e+02
4.200000000000000000e+02 3.220000000000000000e+02
4.200000000000000000e+02 3.220000000000000000e+02
4.200000000000000000e+02 3.220000000000000000e+02
4.200000000000000000e+02 3.220000000000000000e+02
4.200000000000000000e+02 3.220000000000000000e+02
4.200000000000000000e+02 3.220000000000000000e+02
4.200000000000000000e+02 3.220000000000000000e+02
4.200000000000000000e+02 3.220000000000000000e+02
4.200000000000000000e+02 3.220000000000000000e+02
4.200000000000000000e+02 3.220000000000000000e+02
8.480000000000000000e+02 3.720000000000000000e+02
8.480000000000000000e+02 3.720000000000000000e+02
8.480000000000000000e+02 3.720000000000000000e+02
8.480000000000000000e+02 3.720000000000000000e+02
8.480000000000000000e+02 3.720000000000000000e+02
8.480000000000000000e+02 3.720000000000000000e+02
8.480000000000000000e+02 3.720000000000000000e+02
8.480000000000000000e+02 3.720000000000000000e+02
8.480000000000000000e+02 3.720000000000000000e+02
8.480000000000000000e+02 3.720000000000000000e+02
8.480000000000000000e+02 3.720000000000000000e+02
8.480000000000000000e+02 3.720000000000000000e+02
8.480000000000000000e+02 3.720000000000000000e+02
8.480000000000000000e+02 3.720000000000000000e+02
8.480000000000000000e+02 3.720000000000000000e+02
8.480000000000000000e+02 3.720000000000000000e+02
8.480000000000000000e+02 3.720000000000000000e+02
8.480000000000000000e+02 3.720000000000000000e+02
8.480000000000000000e+02 3.720000000000000000e+02
8.480000000000000000e+02 3.720000000000000000e+02
8.480000000000000000e+02 3.720000000000000000e+02
8.480000000000000000e+02 3.720000000000000000e+02
8.480000000000000000e+02 3.720000000000000000e+02
8.480000000000000000e+02 3.720000000000000000e+02
8.480000000000000000e+02 3.720000000000000000e+02
8.480000000000000000e+02 3.720000000000000000e+02
8.480000000000000000e+02 3.720000000000000000e+02
8.480000000000000000e+02 3.720000000000000000e+02
8.480000000000000000e+02 3.720000000000000000e+02
8.480000000000000000e+02 3.720000000000000000e+02
7.800000000000000000e+01 6.760000000000000000e+02
7.800000000000000000e+01 6.760000000000000000e+02
7.800000000000000000e+01 6.760000000000000000e+02
7.800000000000000000e+01 6.760000000000000000e+02
7.800000000000000000e+01 6.760000000000000000e+02
7.800000000000000000e+01 6.760000000000000000e+02
7.800000000000000000e+01 6.760000000000000000e+02
7.800000000000000000e+01 6.760000000000000000e+02
7.800000000000000000e+01 6.760000000000000000e+02
7.800000000000000000e+01 6.760000000000000000e+02
7.800000000000000000e+01 6.760000000000000000e+02
7.800000000000000000e+01 6.760000000000000000e+02
7.800000000000000000e+01 6.760000000000000000e+02
7.800000000000000000e+01 6.760000000000000000e+02
7.800000000000000000e+01 6.760000000000000000e+02
7.800000000000000000e+01 6.760000000000000000e+02
7.800000000000000000e+01 6.760000000000000000e+02
7.800000000000000000e+01 6.760000000000000000e+02
7.800000000000000000e+01 6.760000000000000000e+02
7.800000000000000000e+01 6.760000000000000000e+02
7.800000000000000000e+01 6.760000000000000000e+02
7.800000000000000000e+01 6.760000000000000000e+02
7.800000000000000000e+01 6.760000000000000000e+02
7.800000000000000000e+01 6.760000000000000000e+02
7.800000000000000000e+01 6.760000000000000000e+02
7.800000000000000000e+01 6.760000000000000000e+02
7.800000000000000000e+01 6.760000000000000000e+02
7.800000000000000000e+01 6.760000000000000000e+02
7.800000000000000000e+01 6.760000000000000000e+02
7.800000000000000000e+01 6.760000000000000000e+02
7.800000000000000000e+01 6.760000000000000000e+02
7.800000000000000000e+01 6.760000000000000000e+02
7.800000000000000000e+01 6.760000000000000000e+02
4.700000000000000000e+01 2.640000000000000000e+02
4.700000000000000000e+01 2.640000000000000000e+02
4.700000000000000000e+01 2.640000000000000000e+02
4.700000000000000000e+01 2.640000000000000000e+02
4.700000000000000000e+01 2.640000000000000000e+02
4.700000000000000000e+01 2.640000000000000000e+02
4.700000000000000000e+01 2.640000000000000000e+02
4.700000000000000000e+01 2.640000000000000000e+02
4.700000000000000000e+01 2.640000000000000000e+02
4.700000000000000000e+01 2.640000000000000000e+02
4.700000000000000000e+01 2.640000000000000000e+02
4.700000000000000000e+01 2.640000000000000000e+02
4.700000000000000000e+01 2.640000000000000000e+02
4.700000000000000000e+01 2.640000000000000000e+02
4.700000000000000000e+01 2.640000000000000000e+02
4.700000000000000000e+01 2.640000000000000000e+02
4.700000000000000000e+01 2.640000000000000000e+02
4.700000000000000000e+01 2.640000000000000000e+02
4.700000000000000000e+01 2.640000000000000000e+02
4.700000000000000000e+01 2.640000000000000000e+02
4.700000000000000000e+01 2.640000000000000000e+02
4.700000000000000000e+01 2.640000000000000000e+02
4.700000000000000000e+01 2.640000000000000000e+02
4.700000000000000000e+01 2.640000000000000000e+02
4.700000000000000000e+01 2.640000000000000000e+02
4.700000000000000000e+01 2.640000000000000000e+02
4.700000000000000000e+01 2.640000000000000000e+02
4.700000000000000000e+01 2.640000000000000000e+02
4.700000000000000000e+01 2.640000000000000000e+02
4.700000000000000000e+01 2.640000000000000000e+02
4.700000000000000000e+01 2.640000000000000000e+02
4.700000000000000000e+01 2.640000000000000000e+02
4.700000000000000000e+01 2.640000000000000000e+02
4.700000000000000000e+01 2.640000000000000000e+02
1.000000000000000000e+02 3.990000000000000000e+02
1.000000000000000000e+02 3.990000000000000000e+02
1.000000000000000000e+02 3.990000000000000000e+02
1.000000000000000000e+02 3.990000000000000000e+02
1.000000000000000000e+02 3.990000000000000000e+02
1.000000000000000000e+02 3.990000000000000000e+02
1.000000000000000000e+02 3.990000000000000000e+02
1.000000000000000000e+02 3.990000000000000000e+02
1.000000000000000000e+02 3.990000000000000000e+02
1.000000000000000000e+02 3.990000000000000000e+02
1.000000000000000000e+02 3.990000000000000000e+02
1.000000000000000000e+02 3.990000000000000000e+02
1.000000000000000000e+02 3.990000000000000000e+02
1.000000000000000000e+02 3.990000000000000000e+02
1.000000000000000000e+02 3.990000000000000000e+02
1.000000000000000000e+02 3.990000000000000000e+02
1.000000000000000000e+02 3.990000000000000000e+02
1.000000000000000000e+02 3.990000000000000000e+02
1.000000000000000000e+02 3.990000000000000000e+02
1.000000000000000000e+02 3.990000000000000000e+02
1.000000000000000000e+02 3.990000000000000000e+02
1.000000000000000000e+02 3.990000000000000000e+02
1.000000000000000000e+02 3.990000000000000000e+02
1.000000000000000000e+02 3.990000000000000000e+02
1.000000000000000000e+02 3.990000000000000000e+02
1.000000000000000000e+02 3.990000000000000000e+02
1.000000000000000000e+02 3.990000000000000000e+02
1.000000000000000000e+02 3.990000000000000000e+02
5.340000000000000000e+02 2.150000000000000000e+02
5.340000000000000000e+02 2.150000000000000000e+02
5.340000000000000000e+02 2.150000000000000000e+02
5.340000000000000000e+02 2.150000000000000000e+02
5.340000000000000000e+02 2.150000000000000000e+02
5.340000000000000000e+02 2.150000000000000000e+02
5.340000000000000000e+02 2.150000000000000000e+02
5.340000000000000000e+02 2.150000000000000000e+02
5.340000000000000000e+02 2.150000000000000000e+02
5.340000000000000000e+02 2.150000000000000000e+02
5.340000000000000000e+02 2.150000000000000000e+02
5.340000000000000000e+02 2.150000000000000000e+02
5.340000000000000000e+02 2.150000000000000000e+02
5.340000000000000000e+02 2.150000000000000000e+02
5.340000000000000000e+02 2.150000000000000000e+02
5.340000000000000000e+02 2.150000000000000000e+02
5.340000000000000000e+02 2.150000000000000000e+02
5.340000000000000000e+02 2.150000000000000000e+02
5.340000000000000000e+02 2.150000000000000000e+02
5.340000000000000000e+02 2.150000000000000000e+02
5.340000000000000000e+02 2.150000000000000000e+02
5.340000000000000000e+02 2.150000000000000000e+02
5.340000000000000000e+02 2.150000000000000000e+02
5.340000000000000000e+02 2.150000000000000000e+02
5.340000000000000000e+02 2.150000000000000000e+02
5.340000000000000000e+02 2.150000000000000000e+02
5.340000000000000000e+02 2.150000000000000000e+02
5.340000000000000000e+02 2.150000000000000000e+02
5.340000000000000000e+02 2.150000000000000000e+02
5.340000000000000000e+02 2.150000000000000000e+02
5.340000000000000000e+02 2.150000000000000000e+02
5.340000000000000000e+02 2.150000000000000000e+02
5.340000000000000000e+02 2.150000000000000000e+02
5.340000000000000000e+02 2.150000000000000000e+02
5.340000000000000000e+02 2.150000000000000000e+02
5.340000000000000000e+02 2.150000000000000000e+02
5.340000000000000000e+02 2.150000000000000000e+02
5.340000000000000000e+02 2.150000000000000000e+02
5.340000000000000000e+02 2.150000000000000000e+02
8.200000000000000000e+01 9.800000000000000000e+01
8.200000000000000000e+01 9.800000000000000000e+01
8.200000000000000000e+01 9.800000000000000000e+01
8.200000000000000000e+01 9.800000000000000000e+01
8.200000000000000000e+01 9.800000000000000000e+01
8.200000000000000000e+01 9.800000000000000000e+01
8.200000000000000000e+01 9.800000000000000000e+01
8.200000000000000000e+01 9.800000000000000000e+01
8.200000000000000000e+01 9.800000000000000000e+01
8.200000000000000000e+01 9.800000000000000000e+01
8.200000000000000000e+01 9.800000000000000000e+01
8.200000000000000000e+01 9.800000000000000000e+01
8.200000000000000000e+01 9.800000000000000000e+01
8.200000000000000000e+01 9.800000000000000000e+01
8.200000000000000000e+01 9.800000000000000000e+01
8.200000000000000000e+01 9.800000000000000000e+01
8.200000000000000000e+01 9.800000000000000000e+01
8.200000000000000000e+01 9.800000000000000000e+01
8.200000000000000000e+01 9.800000000000000000e+01
8.200000000000000000e+01 9.800000000000000000e+01
8.200000000000000000e+01 9.800000000000000000e+01
8.200000000000000000e+01 9.800000000000000000e+01
8.200000000000000000e+01 9.800000000000000000e+01
8.200000000000000000e+01 9.800000000000000000e+01
8.200000000000000000e+01 9.800000000000000000e+01
8.200000000000000000e+01 9.800000000000000000e+01
8.200000000000000000e+01 9.800000000000000000e+01
8.200000000000000000e+01 9.800000000000000000e+01
8.200000000000000000e+01 9.800000000000000000e+01
8.200000000000000000e+01 9.800000000000000000e+01
8.200000000000000000e+01 9.800000000000000000e+01
2.690000000000000000e+02 1.870000000000000000e+02
2.690000000000000000e+02 1.870000000000000000e+02
2.690000000000000000e+02 1.870000000000000000e+02
2.690000000000000000e+02 1.870000000000000000e+02
2.690000000000000000e+02 1.870000000000000000e+02
2.690000000000000000e+02 1.870000000000000000e+02
2.690000000000000000e+02 1.870000000000000000e+02
2.690000000000000000e+02 1.870000000000000000e+02
2.690000000000000000e+02 1.870000000000000000e+02
2.690000000000000000e+02 1.870000000000000000e+02
2.690000000000000000e+02 1.870000000000000000e+02
2.690000000000000000e+02 1.870000000000000000e+02
2.690000000000000000e+02 1.870000000000000000e+02
2.690000000000000000e+02 1.870000000000000000e+02
2.690000000000000000e+02 1.870000000000000000e+02
2.690000000000000000e+02 1.870000000000000000e+02
2.690000000000000000e+02 1.870000000000000000e+02
2.690000000000000000e+02 1.870000000000000000e+02
2.690000000000000000e+02 1.870000000000000000e+02
2.690000000000000000e+02 1.870000000000000000e+02
2.690000000000000000e+02 1.870000000000000000e+02
2.690000000000000000e+02 1.870000000000000000e+02
2.690000000000000000e+02 1.870000000000000000e+02
2.690000000000000000e+02 1.870000000000000000e+02
2.690000000000000000e+02 1.870000000000000000e+02
2.690000000000000000e+02 1.870000000000000000e+02
2.690000000000000000e+02 1.870000000000000000e+02
2.690000000000000000e+02 1.870000000000000000e+02
2.690000000000000000e+02 1.870000000000000000e+02
2.690000000000000000e+02 1.870000000000000000e+02
2.690000000000000000e+02 1.870000000000000000e+02
2.690000000000000000e+02 1.870000000000000000e+02
2.690000000000000000e+02 1.870000000000000000e+02
2.690000000000000000e+02 1.870000000000000000e+02
2.690000000000000000e+02 1.870000000000000000e+02
2.690000000000000000e+02 1.870000000000000000e+02
2.690000000000000000e+02 1.870000000000000000e+02
2.690000000000000000e+02 1.870000000000000000e+02
2.690000000000000000e+02 1.870000000000000000e+02
2.690000000000000000e+02 1.870000000000000000e+02
2.690000000000000000e+02 1.870000000000000000e+02
8.020000000000000000e+02 6.150000000000000000e+02
8.020000000000000000e+02 6.150000000000000000e+02
8.020000000000000000e+02 6.150000000000000000e+02
8.020000000000000000e+02 6.150000000000000000e+02
8.020000000000000000e+02 6.150000000000000000e+02
8.020000000000000000e+02 6.150000000000000000e+02
8.020000000000000000e+02 6.150000000000000000e+02
8.020000000000000000e+02 6.150000000000000000e+02
8.020000000000000000e+02 6.150000000000000000e+02
8.020000000000000000e+02 6.150000000000000000e+02
8.020000000000000000e+02 6.150000000000000000e+02
8.020000000000000000e+02 6.150000000000000000e+02
8.020000000000000000e+02 6.150000000000000000e+02
8.020000000000000000e+02 6.150000000000000000e+02
8.020000000000000000e+02 6.150000000000000000e+02
8.020000000000000000e+02 6.150000000000000000e+02
8.020000000000000000e+02 6.150000000000000000e+02
8.020000000000000000e+02 6.150000000000000000e+02
8.020000000000000000e+02 6.150000000000000000e+02
8.020000000000000000e+02 6.150000000000000000e+02
8.020000000000000000e+02 6.150000000000000000e+02
8.020000000000000000e+02 6.150000000000000000e+02
8.020000000000000000e+02 6.150000000000000000e+02
8.020000000000000000e+02 6.150000000000000000e+02
8.020000000000000000e+02 6.150000000000000000e+02
8.020000000000000000e+02 6.150000000000000000e+02
8.020000000000000000e+02 6.150000000000000000e+02
8.020000000000000000e+02 6.150000000000000000e+02
8.020000000000000000e+02 6.150000000000000000e+02
8.020000000000000000e+02 6.150000000000000000e+02
8.020000000000000000e+02 6.150000000000000000e+02
8.020000000000000000e+02 6.150000000000000000e+02
8.020000000000000000e+02 6.150000000000000000e+02
8.020000000000000000e+02 6.150000000000000000e+02
8.020000000000000000e+02 6.150000000000000000e+02
8.020000000000000000e+02 6.150000000000000000e+02
8.020000000000000000e+02 6.150000000000000000e+02
8.020000000000000000e+02 6.150000000000000000e+02
8.020000000000000000e+02 6.150000000000000000e+02
8.020000000000000000e+02 6.150000000000000000e+02
8.020000000000000000e+02 6.150000000000000000e+02
8.020000000000000000e+02 6.150000000000000000e+02
6.900000000000000000e+01 2.470000000000000000e+02
6.900000000000000000e+01 2.470000000000000000e+02
6.900000000000000000e+01 2.470000000000000000e+02
6.900000000000000000e+01 2.470000000000000000e+02
6.900000000000000000e+01 2.470000000000000000e+02
6.900000000000000000e+01 2.470000000000000000e+02
6.900000000000000000e+01 2.470000000000000000e+02
6.900000000000000000e+01 2.470000000000000000e+02
6.900000000000000000e+01 2.470000000000000000e+02
6.900000000000000000e+01 2.470000000000000000e+02
6.900000000000000000e+01 2.470000000000000000e+02
6.900000000000000000e+01 2.470000000000000000e+02
6.900000000000000000e+01 2.470000000000000000e+02
6.900000000000000000e+01 2.470000000000000000e+02
6.900000000000000000e+01 2.470000000000000000e+02
6.900000000000000000e+01 2.470000000000000000e+02
6.900000000000000000e+01 2.470000000000000000e+02
6.900000000000000000e+01 2.470000000000000000e+02
6.900000000000000000e+01 2.470000000000000000e+02
6.900000000000000000e+01 2.470000000000000000e+02
6.900000000000000000e+01 2.470000000000000000e+02
6.900000000000000000e+01 2.470000000000000000e+02
6.900000000000000000e+01 2.470000000000000000e+02
6.900000000000000000e+01 2.470000000000000000e+02
6.900000000000000000e+01 2.470000000000000000e+02
6.900000000000000000e+01 2.470000000000000000e+02
6.900000000000000000e+01 2.470000000000000000e+02
6.900000000000000000e+01 2.470000000000000000e+02
6.900000000000000000e+01 2.470000000000000000e+02
6.900000000000000000e+01 2.470000000000000000e+02
6.900000000000000000e+01 2.470000000000000000e+02
6.900000000000000000e+01 2.470000000000000000e+02
6.900000000000000000e+01 2.470000000000000000e+02
6.900000000000000000e+01 2.470000000000000000e+02
6.900000000000000000e+01 2.470000000000000000e+02
6.900000000000000000e+01 2.470000000000000000e+02
6.900000000000000000e+01 2.470000000000000000e+02
6.900000000000000000e+01 2.470000000000000000e+02
6.900000000000000000e+01 2.470000000000000000e+02
6.900000000000000000e+01 2.470000000000000000e+02
6.900000000000000000e+01 2.470000000000000000e+02
6.900000000000000000e+01 2.470000000000000000e+02
6.050000000000000000e+02 6.880000000000000000e+02
6.050000000000000000e+02 6.880000000000000000e+02
6.050000000000000000e+02 6.880000000000000000e+02
6.050000000000000000e+02 6.880000000000000000e+02
6.050000000000000000e+02 6.880000000000000000e+02
6.050000000000000000e+02 6.880000000000000000e+02
6.050000000000000000e+02 6.880000000000000000e+02
6.050000000000000000e+02 6.880000000000000000e+02
6.050000000000000000e+02 6.880000000000000000e+02
6.050000000000000000e+02 6.880000000000000000e+02
6.050000000000000000e+02 6.880000000000000000e+02
6.050000000000000000e+02 6.880000000000000000e+02
6.050000000000000000e+02 6.880000000000000000e+02
6.050000000000000000e+02 6.880000000000000000e+02
6.050000000000000000e+02 6.880000000000000000e+02
6.050000000000000000e+02 6.880000000000000000e+02
6.050000000000000000e+02 6.880000000000000000e+02
6.050000000000000000e+02 6.880000000000000000e+02
6.050000000000000000e+02 6.880000000000000000e+02
6.050000000000000000e+02 6.880000000000000000e+02
6.050000000000000000e+02 6.880000000000000000e+02
6.050000000000000000e+02 6.880000000000000000e+02
6.050000000000000000e+02 6.880000000000000000e+02
6.050000000000000000e+02 6.880000000000000000e+02
6.050000000000000000e+02 6.880000000000000000e+02
6.050000000000000000e+02 6.880000000000000000e+02
6.050000000000000000e+02 6.880000000000000000e+02
6.050000000000000000e+02 6.880000000000000000e+02
6.050000000000000000e+02 6.880000000000000000e+02
6.050000000000000000e+02 6.880000000000000000e+02
6.050000000000000000e+02 6.880000000000000000e+02
6.050000000000000000e+02 6.880000000000000000e+02
6.050000000000000000e+02 6.880000000000000000e+02
6.050000000000000000e+02 6.880000000000000000e+02
6.050000000000000000e+02 6.880000000000000000e+02
6.090000000000000000e+02 4.280000000000000000e+02
6.090000000000000000e+02 4.280000000000000000e+02
6.090000000000000000e+02 4.280000000000000000e+02
6.090000000000000000e+02 4.280000000000000000e+02
6.090000000000000000e+02 4.280000000000000000e+02
6.090000000000000000e+02 4.280000000000000000e+02
6.090000000000000000e+02 4.280000000000000000e+02
6.090000000000000000e+02 4.280000000000000000e+02
6.090000000000000000e+02 4.280000000000000000e+02
6.090000000000000000e+02 4.280000000000000000e+02
6.090000000000000000e+02 4.280000000000000000e+02
6.090000000000000000e+02 4.280000000000000000e+02
6.090000000000000000e+02 4.280000000000000000e+02
6.090000000000000000e+02 4.280000000000000000e+02
6.090000000000000000e+02 4.280000000000000000e+02
6.090000000000000000e+02 4.280000000000000000e+02
6.090000000000000000e+02 4.280000000000000000e+02
6.090000000000000000e+02 4.280000000000000000e+02
6.090000000000000000e+02 4.280000000000000000e+02
6.090000000000000000e+02 4.280000000000000000e+02
6.090000000000000000e+02 4.280000000000000000e+02
6.090000000000000000e+02 4.280000000000000000e+02
6.090000000000000000e+02 4.280000000000000000e+02
6.090000000000000000e+02 4.280000000000000000e+02
6.090000000000000000e+02 4.280000000000000000e+02
6.090000000000000000e+02 4.280000000000000000e+02
3.530000000000000000e+02 8.680000000000000000e+02
3.530000000000000000e+02 8.680000000000000000e+02
3.530000000000000000e+02 8.680000000000000000e+02
3.530000000000000000e+02 8.680000000000000000e+02
3.530000000000000000e+02 8.680000000000000000e+02
3.530000000000000000e+02 8.680000000000000000e+02
3.530000000000000000e+02 8.680000000000000000e+02
3.530000000000000000e+02 8.680000000000000000e+02
3.530000000000000000e+02 8.680000000000000000e+02
3.530000000000000000e+02 8.680000000000000000e+02
3.530000000000000000e+02 8.680000000000000000e+02
3.530000000000000000e+02 8.680000000000000000e+02
3.530000000000000000e+02 8.680000000000000000e+02
3.530000000000000000e+02 8.680000000000000000e+02
3.530000000000000000e+02 8.680000000000000000e+02
3.530000000000000000e+02 8.680000000000000000e+02
3.530000000000000000e+02 8.680000000000000000e+02
3.530000000000000000e+02 8.680000000000000000e+02
3.530000000000000000e+02 8.680000000000000000e+02
3.530000000000000000e+02 8.680000000000000000e+02
3.530000000000000000e+02 8.680000000000000000e+02
3.530000000000000000e+02 8.680000000000000000e+02
3.530000000000000000e+02 8.680000000000000000e+02
3.530000000000000000e+02 8.680000000000000000e+02
3.530000000000000000e+02 8.680000000000000000e+02
3.530000000000000000e+02 8.680000000000000000e+02
3.530000000000000000e+02 8.680000000000000000e+02
3.530000000000000000e+02 8.680000000000000000e+02
3.530000000000000000e+02 8.680000000000000000e+02
3.530000000000000000e+02 8.680000000000000000e+02
3.530000000000000000e+02 8.680000000000000000e+02
3.530000000000000000e+02 8.680000000000000000e+02
3.530000000000000000e+02 8.680000000000000000e+02
3.530000000000000000e+02 8.680000000000000000e+02
3.530000000000000000e+02 8.680000000000000000e+02
3.530000000000000000e+02 8.680000000000000000e+02
3.530000000000000000e+02 8.680000000000000000e+02
3.530000000000000000e+02 8.680000000000000000e+02
3.530000000000000000e+02 8.680000000000000000e+02
3.530000000000000000e+02 8.680000000000000000e+02
3.530000000000000000e+02 8.680000000000000000e+02
3.530000000000000000e+02 8.680000000000000000e+02
3.530000000000000000e+02 8.680000000000000000e+02
3.530000000000000000e+02 8.680000000000000000e+02
3.530000000000000000e+02 8.680000000000000000e+02
3.530000000000000000e+02 8.680000000000000000e+02
3.960000000000000000e+02 3.300000000000000000e+02
3.960000000000000000e+02 3.300000000000000000e+02
3.960000000000000000e+02 3.300000000000000000e+02
3.960000000000000000e+02 3.300000000000000000e+02
3.960000000000000000e+02 3.300000000000000000e+02
3.960000000000000000e+02 3.300000000000000000e+02
3.960000000000000000e+02 3.300000000000000000e+02
3.960000000000000000e+02 3.300000000000000000e+02
3.960000000000000000e+02 3.300000000000000000e+02
3.960000000000000000e+02 3.300000000000000000e+02
3.960000000000000000e+02 3.300000000000000000e+02
3.960000000000000000e+02 3.300000000000000000e+02
3.960000000000000000e+02 3.300000000000000000e+02
3.960000000000000000e+02 3.300000000000000000e+02
3.960000000000000000e+02 3.300000000000000000e+02
3.960000000000000000e+02 3.300000000000000000e+02
3.960000000000000000e+02 3.300000000000000000e+02
3.960000000000000000e+02 3.300000000000000000e+02
3.960000000000000000e+02 3.300000000000000000e+02
3.960000000000000000e+02 3.300000000000000000e+02
3.960000000000000000e+02 3.300000000000000000e+02
3.960000000000000000e+02 3.300000000000000000e+02
3.960000000000000000e+02 3.300000000000000000e+02
3.960000000000000000e+02 3.300000000000000000e+02
3.960000000000000000e+02 3.300000000000000000e+02
3.960000000000000000e+02 3.300000000000000000e+02
3.960000000000000000e+02 3.300000000000000000e+02
3.960000000000000000e+02 3.300000000000000000e+02
3.960000000000000000e+02 3.300000000000000000e+02
3.960000000000000000e+02 3.300000000000000000e+02
3.960000000000000000e+02 3.300000000000000000e+02
3.960000000000000000e+02 3.300000000000000000e+02
3.960000000000000000e+02 3.300000000000000000e+02
3.960000000000000000e+02 3.300000000000000000e+02
3.960000000000000000e+02 3.300000000000000000e+02
3.960000000000000000e+02 3.300000000000000000e+02
3.960000000000000000e+02 3.300000000000000000e+02
3.960000000000000000e+02 3.300000000000000000e+02
3.960000000000000000e+02 3.300000000000000000e+02
3.960000000000000000e+02 3.300000000000000000e+02
7.930000000000000000e+02 6.090000000000000000e+02
7.930000000000000000e+02 6.090000000000000000e+02
7.930000000000000000e+02 6.090000000000000000e+02
7.930000000000000000e+02 6.090000000000000000e+02
7.930000000000000000e+02 6.090000000000000000e+02
7.930000000000000000e+02 6.090000000000000000e+02
7.930000000000000000e+02 6.090000000000000000e+02
7.930000000000000000e+02 6.090000000000000000e+02
7.930000000000000000e+02 6.090000000000000000e+02
7.930000000000000000e+02 6.090000000000000000e+02
7.930000000000000000e+02 6.090000000000000000e+02
7.930000000000000000e+02 6.090000000000000000e+02
7.930000000000000000e+02 6.090000000000000000e+02
7.930000000000000000e+02 6.090000000000000000e+02
7.930000000000000000e+02 6.090000000000000000e+02
7.930000000000000000e+02 6.090000000000000000e+02
7.930000000000000000e+02 6.090000000000000000e+02
7.930000000000000000e+02 6.090000000000000000e+02
7.930000000000000000e+02 6.090000000000000000e+02
7.930000000000000000e+02 6.090000000000000000e+02
7.930000000000000000e+02 6.090000000000000000e+02
7.930000000000000000e+02 6.090000000000000000e+02
7.930000000000000000e+02 6.090000000000000000e+02
7.930000000000000000e+02 6.090000000000000000e+02
7.930000000000000000e+02 6.090000000000000000e+02
7.930000000000000000e+02 6.090000000000000000e+02
7.930000000000000000e+02 6.090000000000000000e+02
7.930000000000000000e+02 6.090000000000000000e+02
7.930000000000000000e+02 6.090000000000000000e+02
7.930000000000000000e+02 6.090000000000000000e+02
7.930000000000000000e+02 6.090000000000000000e+02
7.930000000000000000e+02 6.090000000000000000e+02
7.930000000000000000e+02 6.090000000000000000e+02
7.930000000000000000e+02 6.090000000000000000e+02
7.930000000000000000e+02 6.090000000000000000e+02
4.880000000000000000e+02 2.290000000000000000e+02
4.880000000000000000e+02 2.290000000000000000e+02
4.880000000000000000e+02 2.290000000000000000e+02
4.880000000000000000e+02 2.290000000000000000e+02
4.880000000000000000e+02 2.290000000000000000e+02
4.880000000000000000e+02 2.290000000000000000e+02
4.880000000000000000e+02 2.290000000000000000e+02
4.880000000000000000e+02 2.290000000000000000e+02
4.880000000000000000e+02 2.290000000000000000e+02
4.880000000000000000e+02 2.290000000000000000e+02
4.880000000000000000e+02 2.290000000000000000e+02
4.880000000000000000e+02 2.290000000000000000e+02
4.880000000000000000e+02 2.290000000000000000e+02
4.880000000000000000e+02 2.290000000000000000e+02
4.880000000000000000e+02 2.290000000000000000e+02
4.880000000000000000e+02 2.290000000000000000e+02
4.880000000000000000e+02 2.290000000000000000e+02
4.880000000000000000e+02 2.290000000000000000e+02
4.880000000000000000e+02 2.290000000000000000e+02
4.880000000000000000e+02 2.290000000000000000e+02
4.880000000000000000e+02 2.290000000000000000e+02
4.880000000000000000e+02 2.290000000000000000e+02
4.880000000000000000e+02 2.290000000000000000e+02
4.880000000000000000e+02 2.290000000000000000e+02
4.880000000000000000e+02 2.290000000000000000e+02
4.880000000000000000e+02 2.290000000000000000e+02
4.880000000000000000e+02 2.290000000000000000e+02
4.880000000000000000e+02 2.290000000000000000e+02
2.900000000000000000e+01 1.030000000000000000e+02
2.900000000000000000e+01 1.030000000000000000e+02
2.900000000000000000e+01 1.030000000000000000e+02
2.900000000000000000e+01 1.030000000000000000e+02
2.900000000000000000e+01 1.030000000000000000e+02
2.900000000000000000e+01 1.030000000000000000e+02
2.900000000000000000e+01 1.030000000000000000e+02
2.900000000000000000e+01 1.030000000000000000e+02
2.900000000000000000e+01 1.030000000000000000e+02
2.900000000000000000e+01 1.030000000000000000e+02
2.900000000000000000e+01 1.030000000000000000e+02
2.900000000000000000e+01 1.030000000000000000e+02
2.900000000000000000e+01 1.030000000000000000e+02
2.900000000000000000e+01 1.030000000000000000e+02
2.900000000000000000e+01 1.030000000000000000e+02
2.900000000000000000e+01 1.030000000000000000e+02
2.900000000000000000e+01 1.030000000000000000e+02
2.900000000000000000e+01 1.030000000000000000e+02
2.900000000000000000e+01 1.030000000000000000e+02
2.900000000000000000e+01 1.030000000000000000e+02
2.900000000000000000e+01 1.030000000000000000e+02
2.900000000000000000e+01 1.030000000000000000e+02
2.900000000000000000e+01 1.030000000000000000e+02
2.900000000000000000e+01 1.030000000000000000e+02
2.900000000000000000e+01 1.030000000000000000e+02
2.900000000000000000e+01 1.030000000000000000e+02
2.900000000000000000e+01 1.030000000000000000e+02
2.900000000000000000e+01 1.030000000000000000e+02
2.900000000000000000e+01 1.030000000000000000e+02
2.900000000000000000e+01 1.030000000000000000e+02
2.900000000000000000e+01 1.030000000000000000e+02
2.900000000000000000e+01 1.030000000000000000e+02
2.900000000000000000e+01 1.030000000000000000e+02
2.900000000000000000e+01 1.030000000000000000e+02
2.900000000000000000e+01 1.030000000000000000e+02
7.220000000000000000e+02 6.260000000000000000e+02
7.220000000000000000e+02 6.260000000000000000e+02
7.220000000000000000e+02 6.260000000000000000e+02
7.220000000000000000e+02 6.260000000000000000e+02
7.220000000000000000e+02 6.260000000000000000e+02
7.220000000000000000e+02 6.260000000000000000e+02
7.220000000000000000e+02 6.260000000000000000e+02
7.220000000000000000e+02 6.260000000000000000e+02
7.220000000000000000e+02 6.260000000000000000e+02
7.220000000000000000e+02 6.260000000000000000e+02
7.220000000000000000e+02 6.260000000000000000e+02
7.220000000000000000e+02 6.260000000000000000e+02
7.220000000000000000e+02 6.260000000000000000e+02
7.220000000000000000e+02 6.260000000000000000e+02
7.220000000000000000e+02 6.260000000000000000e+02
7.220000000000000000e+02 6.260000000000000000e+02
7.220000000000000000e+02 6.260000000000000000e+02
7.220000000000000000e+02 6.260000000000000000e+02
7.220000000000000000e+02 6.260000000000000000e+02
7.220000000000000000e+02 6.260000000000000000e+02
7.220000000000000000e+02 6.260000000000000000e+02
7.220000000000000000e+02 6.260000000000000000e+02
7.220000000000000000e+02 6.260000000000000000e+02
7.220000000000000000e+02 6.260000000000000000e+02
7.220000000000000000e+02 6.260000000000000000e+02
7.220000000000000000e+02 6.260000000000000000e+02
7.220000000000000000e+02 6.260000000000000000e+02
7.220000000000000000e+02 6.260000000000000000e+02
7.220000000000000000e+02 6.260000000000000000e+02
7.220000000000000000e+02 6.260000000000000000e+02
7.220000000000000000e+02 6.260000000000000000e+02
7.220000000000000000e+02 6.260000000000000000e+02
7.220000000000000000e+02 6.260000000000000000e+02
7.220000000000000000e+02 6.260000000000000000e+02
7.220000000000000000e+02 6.260000000000000000e+02
7.220000000000000000e+02 6.260000000000000000e+02
7.220000000000000000e+02 6.260000000000000000e+02
7.220000000000000000e+02 6.260000000000000000e+02
7.220000000000000000e+02 6.260000000000000000e+02
7.220000000000000000e+02 6.260000000000000000e+02
7.220000000000000000e+02 6.260000000000000000e+02
7.220000000000000000e+02 6.260000000000000000e+02
4.190000000000000000e+02 4.880000000000000000e+02
4.190000000000000000e+02 4.880000000000000000e+02
4.190000000000000000e+02 4.880000000000000000e+02
4.190000000000000000e+02 4.880000000000000000e+02
4.190000000000000000e+02 4.880000000000000000e+02
4.190000000000000000e+02 4.880000000000000000e+02
4.190000000000000000e+02 4.880000000000000000e+02
4.190000000000000000e+02 4.880000000000000000e+02
4.190000000000000000e+02 4.880000000000000000e+02
4.190000000000000000e+02 4.880000000000000000e+02
4.190000000000000000e+02 4.880000000000000000e+02
4.190000000000000000e+02 4.880000000000000000e+02
4.190000000000000000e+02 4.880000000000000000e+02
4.190000000000000000e+02 4.880000000000000000e+02
4.190000000000000000e+02 4.880000000000000000e+02
4.190000000000000000e+02 4.880000000000000000e+02
4.190000000000000000e+02 4.880000000000000000e+02
4.190000000000000000e+02 4.880000000000000000e+02
4.190000000000000000e+02 4.880000000000000000e+02
4.190000000000000000e+02 4.880000000000000000e+02
4.190000000000000000e+02 4.880000000000000000e+02
4.190000000000000000e+02 4.880000000000000000e+02
4.190000000000000000e+02 4.880000000000000000e+02
4.190000000000000000e+02 4.880000000000000000e+02
4.190000000000000000e+02 4.880000000000000000e+02
4.190000000000000000e+02 4.880000000000000000e+02
4.190000000000000000e+02 4.880000000000000000e+02
4.190000000000000000e+02 4.880000000000000000e+02
4.190000000000000000e+02 4.880000000000000000e+02
4.190000000000000000e+02 4.880000000000000000e+02
4.190000000000000000e+02 4.880000000000000000e+02
4.190000000000000000e+02 4.880000000000000000e+02
4.190000000000000000e+02 4.880000000000000000e+02
4.190000000000000000e+02 4.880000000000000000e+02
4.970000000000000000e+02 3.800000000000000000e+01
4.970000000000000000e+02 3.800000000000000000e+01
4.970000000000000000e+02 3.800000000000000000e+01
4.970000000000000000e+02 3.800000000000000000e+01
4.970000000000000000e+02 3.800000000000000000e+01
4.970000000000000000e+02 3.800000000000000000e+01
4.970000000000000000e+02 3.800000000000000000e+01
4.970000000000000000e+02 3.800000000000000000e+01
4.970000000000000000e+02 3.800000000000000000e+01
4.970000000000000000e+02 3.800000000000000000e+01
4.970000000000000000e+02 3.800000000000000000e+01
4.970000000000000000e+02 3.800000000000000000e+01
4.970000000000000000e+02 3.800000000000000000e+01
4.970000000000000000e+02 3.800000000000000000e+01
4.970000000000000000e+02 3.800000000000000000e+01
4.970000000000000000e+02 3.800000000000000000e+01
4.970000000000000000e+02 3.800000000000000000e+01
4.970000000000000000e+02 3.800000000000000000e+01
4.970000000000000000e+02 3.800000000000000000e+01
4.970000000000000000e+02 3.800000000000000000e+01
4.970000000000000000e+02 3.800000000000000000e+01
4.970000000000000000e+02 3.800000000000000000e+01
4.970000000000000000e+02 3.800000000000000000e+01
4.970000000000000000e+02 3.800000000000000000e+01
4.970000000000000000e+02 3.800000000000000000e+01
4.970000000000000000e+02 3.800000000000000000e+01
4.970000000000000000e+02 3.800000000000000000e+01
4.970000000000000000e+02 3.800000000000000000e+01
4.970000000000000000e+02 3.800000000000000000e+01
4.970000000000000000e+02 3.800000000000000000e+01
4.970000000000000000e+02 3.800000000000000000e+01
4.970000000000000000e+02 3.800000000000000000e+01
4.970000000000000000e+02 3.800000000000000000e+01
4.970000000000000000e+02 3.800000000000000000e+01
4.970000000000000000e+02 3.800000000000000000e+01
4.970000000000000000e+02 3.800000000000000000e+01
4.970000000000000000e+02 3.800000000000000000e+01
4.970000000000000000e+02 3.800000000000000000e+01
4.970000000000000000e+02 3.800000000000000000e+01
4.970000000000000000e+02 3.800000000000000000e+01
4.970000000000000000e+02 3.800000000000000000e+01
4.970000000000000000e+02 3.800000000000000000e+01
4.970000000000000000e+02 3.800000000000000000e+01
4.970000000000000000e+02 3.800000000000000000e+01
4.970000000000000000e+02 3.800000000000000000e+01
4.970000000000000000e+02 3.800000000000000000e+01
4.970000000000000000e+02 3.800000000000000000e+01
4.970000000000000000e+02 3.800000000000000000e+01
4.970000000000000000e+02 3.800000000000000000e+01
4.970000000000000000e+02 3.800000000000000000e+01
4.970000000000000000e+02 3.800000000000000000e+01
4.970000000000000000e+02 3.800000000000000000e+01
4.970000000000000000e+02 3.800000000000000000e+01
7.210000000000000000e+02 7.480000000000000000e+02
7.210000000000000000e+02 7.480000000000000000e+02
7.210000000000000000e+02 7.480000000000000000e+02
7.210000000000000000e+02 7.480000000000000000e+02
7.210000000000000000e+02 7.480000000000000000e+02
7.210000000000000000e+02 7.480000000000000000e+02
7.210000000000000000e+02 7.480000000000000000e+02
7.210000000000000000e+02 7.480000000000000000e+02
7.210000000000000000e+02 7.480000000000000000e+02
7.210000000000000000e+02 7.480000000000000000e+02
7.210000000000000000e+02 7.480000000000000000e+02
7.210000000000000000e+02 7.480000000000000000e+02
7.210000000000000000e+02 7.480000000000000000e+02
7.210000000000000000e+02 7.480000000000000000e+02
7.210000000000000000e+02 7.480000000000000000e+02
7.210000000000000000e+02 7.480000000000000000e+02
7.210000000000000000e+02 7.480000000000000000e+02
7.210000000000000000e+02 7.480000000000000000e+02
7.210000000000000000e+02 7.480000000000000000e+02
7.210000000000000000e+02 7.480000000000000000e+02
7.210000000000000000e+02 7.480000000000000000e+02
7.210000000000000000e+02 7.480000000000000000e+02
7.210000000000000000e+02 7.480000000000000000e+02
7.210000000000000000e+02 7.480000000000000000e+02
7.210000000000000000e+02 7.480000000000000000e+02
7.210000000000000000e+02 7.480000000000000000e+02
7.210000000000000000e+02 7.480000000000000000e+02
7.210000000000000000e+02 7.480000000000000000e+02
7.210000000000000000e+02 7.480000000000000000e+02
7.210000000000000000e+02 7.480000000000000000e+02
7.210000000000000000e+02 7.480000000000000000e+02
7.210000000000000000e+02 7.480000000000000000e+02
7.210000000000000000e+02 7.480000000000000000e+02
7.210000000000000000e+02 7.480000000000000000e+02
7.210000000000000000e+02 7.480000000000000000e+02
7.210000000000000000e+02 7.480000000000000000e+02
7.210000000000000000e+02 7.480000000000000000e+02
7.210000000000000000e+02 7.480000000000000000e+02
7.210000000000000000e+02 7.480000000000000000e+02
7.210000000000000000e+02 7.480000000000000000e+02
7.210000000000000000e+02 7.480000000000000000e+02
7.210000000000000000e+02 7.480000000000000000e+02
7.210000000000000000e+02 7.480000000000000000e+02
7.210000000000000000e+02 7.480000000000000000e+02
7.210000000000000000e+02 7.480000000000000000e+02
7.210000000000000000e+02 7.480000000000000000e+02
7.210000000000000000e+02 7.480000000000000000e+02
7.210000000000000000e+02 7.480000000000000000e+02
7.210000000000000000e+02 7.480000000000000000e+02
7.210000000000000000e+02 7.480000000000000000e+02
7.210000000000000000e+02 7.480000000000000000e+02
7.210000000000000000e+02 7.480000000000000000e+02
5.630000000000000000e+02 2.570000000000000000e+02
5.630000000000000000e+02 2.570000000000000000e+02
5.630000000000000000e+02 2.570000000000000000e+02
5.630000000000000000e+02 2.570000000000000000e+02
5.630000000000000000e+02 2.570000000000000000e+02
5.630000000000000000e+02 2.570000000000000000e+02
5.630000000000000000e+02 2.570000000000000000e+02
5.630000000000000000e+02 2.570000000000000000e+02
5.630000000000000000e+02 2.570000000000000000e+02
5.630000000000000000e+02 2.570000000000000000e+02
5.630000000000000000e+02 2.570000000000000000e+02
5.630000000000000000e+02 2.570000000000000000e+02
5.630000000000000000e+02 2.570000000000000000e+02
5.630000000000000000e+02 2.570000000000000000e+02
5.630000000000000000e+02 2.570000000000000000e+02
5.630000000000000000e+02 2.570000000000000000e+02
5.630000000000000000e+02 2.570000000000000000e+02
5.630000000000000000e+02 2.570000000000000000e+02
5.630000000000000000e+02 2.570000000000000000e+02
5.630000000000000000e+02 2.570000000000000000e+02
5.630000000000000000e+02 2.570000000000000000e+02
5.630000000000000000e+02 2.570000000000000000e+02
5.630000000000000000e+02 2.570000000000000000e+02
5.630000000000000000e+02 2.570000000000000000e+02
5.630000000000000000e+02 2.570000000000000000e+02
5.630000000000000000e+02 2.570000000000000000e+02
5.630000000000000000e+02 2.570000000000000000e+02
5.630000000000000000e+02 2.570000000000000000e+02
5.630000000000000000e+02 2.570000000000000000e+02
5.630000000000000000e+02 2.570000000000000000e+02
5.630000000000000000e+02 2.570000000000000000e+02
5.630000000000000000e+02 2.570000000000000000e+02
5.630000000000000000e+02 2.570000000000000000e+02
5.630000000000000000e+02 2.570000000000000000e+02
5.630000000000000000e+02 2.570000000000000000e+02
5.630000000000000000e+02 2.570000000000000000e+02
3.120000000000000000e+02 4.670000000000000000e+02
3.120000000000000000e+02 4.670000000000000000e+02
3.120000000000000000e+02 4.670000000000000000e+02
3.120000000000000000e+02 4.670000000000000000e+02
3.120000000000000000e+02 4.670000000000000000e+02
3.120000000000000000e+02 4.670000000000000000e+02
3.120000000000000000e+02 4.670000000000000000e+02
3.120000000000000000e+02 4.670000000000000000e+02
3.120000000000000000e+02 4.670000000000000000e+02
3.120000000000000000e+02 4.670000000000000000e+02
3.120000000000000000e+02 4.670000000000000000e+02
3.120000000000000000e+02 4.670000000000000000e+02
3.120000000000000000e+02 4.670000000000000000e+02
3.120000000000000000e+02 4.670000000000000000e+02
3.120000000000000000e+02 4.670000000000000000e+02
3.120000000000000000e+02 4.670000000000000000e+02
3.120000000000000000e+02 4.670000000000000000e+02
3.120000000000000000e+02 4.670000000000000000e+02
3.120000000000000000e+02 4.670000000000000000e+02
3.120000000000000000e+02 4.670000000000000000e+02
3.120000000000000000e+02 4.670000000000000000e+02
3.120000000000000000e+02 4.670000000000000000e+02
3.120000000000000000e+02 4.670000000000000000e+02
3.120000000000000000e+02 4.670000000000000000e+02
3.120000000000000000e+02 4.670000000000000000e+02
4.510000000000000000e+02 6.150000000000000000e+02
4.510000000000000000e+02 6.150000000000000000e+02
4.510000000000000000e+02 6.150000000000000000e+02
4.510000000000000000e+02 6.150000000000000000e+02
4.510000000000000000e+02 6.150000000000000000e+02
4.510000000000000000e+02 6.150000000000000000e+02
4.510000000000000000e+02 6.150000000000000000e+02
4.510000000000000000e+02 6.150000000000000000e+02
4.510000000000000000e+02 6.150000000000000000e+02
4.510000000000000000e+02 6.150000000000000000e+02
4.510000000000000000e+02 6.150000000000000000e+02
4.510000000000000000e+02 6.150000000000000000e+02
4.510000000000000000e+02 6.150000000000000000e+02
4.510000000000000000e+02 6.150000000000000000e+02
4.510000000000000000e+02 6.150000000000000000e+02
4.510000000000000000e+02 6.150000000000000000e+02
4.510000000000000000e+02 6.150000000000000000e+02
4.510000000000000000e+02 6.150000000000000000e+02
4.510000000000000000e+02 6.150000000000000000e+02
4.510000000000000000e+02 6.150000000000000000e+02
4.510000000000000000e+02 6.150000000000000000e+02
4.510000000000000000e+02 6.150000000000000000e+02
4.510000000000000000e+02 6.150000000000000000e+02
4.510000000000000000e+02 6.150000000000000000e+02
4.510000000000000000e+02 6.150000000000000000e+02
4.510000000000000000e+02 6.150000000000000000e+02
4.510000000000000000e+02 6.150000000000000000e+02
4.510000000000000000e+02 6.150000000000000000e+02
4.510000000000000000e+02 6.150000000000000000e+02
1.960000000000000000e+02 4.710000000000000000e+02
1.960000000000000000e+02 4.710000000000000000e+02
1.960000000000000000e+02 4.710000000000000000e+02
1.960000000000000000e+02 4.710000000000000000e+02
1.960000000000000000e+02 4.710000000000000000e+02
1.960000000000000000e+02 4.710000000000000000e+02
1.960000000000000000e+02 4.710000000000000000e+02
1.960000000000000000e+02 4.710000000000000000e+02
1.960000000000000000e+02 4.710000000000000000e+02
1.960000000000000000e+02 4.710000000000000000e+02
1.960000000000000000e+02 4.710000000000000000e+02
1.960000000000000000e+02 4.710000000000000000e+02
1.960000000000000000e+02 4.710000000000000000e+02
1.960000000000000000e+02 4.710000000000000000e+02
1.960000000000000000e+02 4.710000000000000000e+02
1.960000000000000000e+02 4.710000000000000000e+02
1.960000000000000000e+02 4.710000000000000000e+02
1.960000000000000000e+02 4.710000000000000000e+02
1.960000000000000000e+02 4.710000000000000000e+02
1.960000000000000000e+02 4.710000000000000000e+02
1.960000000000000000e+02 4.710000000000000000e+02
1.960000000000000000e+02 4.710000000000000000e+02
1.960000000000000000e+02 4.710000000000000000e+02
1.960000000000000000e+02 4.710000000000000000e+02
1.960000000000000000e+02 4.710000000000000000e+02
1.960000000000000000e+02 4.710000000000000000e+02
1.960000000000000000e+02 4.710000000000000000e+02
1.960000000000000000e+02 4.710000000000000000e+02
1.960000000000000000e+02 4.710000000000000000e+02
1.960000000000000000e+02 4.710000000000000000e+02
1.960000000000000000e+02 4.710000000000000000e+02
1.960000000000000000e+02 4.710000000000000000e+02
1.960000000000000000e+02 4.710000000000000000e+02
1.960000000000000000e+02 4.710000000000000000e+02
1.960000000000000000e+02 4.710000000000000000e+02
1.960000000000000000e+02 4.710000000000000000e+02
1.960000000000000000e+02 4.710000000000000000e+02
1.960000000000000000e+02 4.710000000000000000e+02
1.960000000000000000e+02 4.710000000000000000e+02
1.960000000000000000e+02 4.710000000000000000e+02
1.960000000000000000e+02 4.710000000000000000e+02
1.960000000000000000e+02 4.710000000000000000e+02
4.760000000000000000e+02 5.980000000000000000e+02
4.760000000000000000e+02 5.980000000000000000e+02
4.760000000000000000e+02 5.980000000000000000e+02
4.760000000000000000e+02 5.980000000000000000e+02
4.760000000000000000e+02 5.980000000000000000e+02
4.760000000000000000e+02 5.980000000000000000e+02
4.760000000000000000e+02 5.980000000000000000e+02
4.760000000000000000e+02 5.980000000000000000e+02
4.760000000000000000e+02 5.980000000000000000e+02
4.760000000000000000e+02 5.980000000000000000e+02
4.760000000000000000e+02 5.980000000000000000e+02
4.760000000000000000e+02 5.980000000000000000e+02
4.760000000000000000e+02 5.980000000000000000e+02
4.760000000000000000e+02 5.980000000000000000e+02
4.760000000000000000e+02 5.980000000000000000e+02
4.760000000000000000e+02 5.980000000000000000e+02
4.760000000000000000e+02 5.980000000000000000e+02
4.760000000000000000e+02 5.980000000000000000e+02
4.760000000000000000e+02 5.980000000000000000e+02
4.760000000000000000e+02 5.980000000000000000e+02
4.760000000000000000e+02 5.980000000000000000e+02
4.760000000000000000e+02 5.980000000000000000e+02
4.760000000000000000e+02 5.980000000000000000e+02
4.760000000000000000e+02 5.980000000000000000e+02
4.760000000000000000e+02 5.980000000000000000e+02
4.760000000000000000e+02 5.980000000000000000e+02
4.760000000000000000e+02 5.980000000000000000e+02
4.760000000000000000e+02 5.980000000000000000e+02
4.760000000000000000e+02 5.980000000000000000e+02
4.760000000000000000e+02 5.980000000000000000e+02
5.300000000000000000e+02 7.940000000000000000e+02
5.300000000000000000e+02 7.940000000000000000e+02
5.300000000000000000e+02 7.940000000000000000e+02
5.300000000000000000e+02 7.940000000000000000e+02
5.300000000000000000e+02 7.940000000000000000e+02
5.300000000000000000e+02 7.940000000000000000e+02
5.300000000000000000e+02 7.940000000000000000e+02
5.300000000000000000e+02 7.940000000000000000e+02
5.300000000000000000e+02 7.940000000000000000e+02
5.300000000000000000e+02 7.940000000000000000e+02
5.300000000000000000e+02 7.940000000000000000e+02
5.300000000000000000e+02 7.940000000000000000e+02
5.300000000000000000e+02 7.940000000000000000e+02
5.300000000000000000e+02 7.940000000000000000e+02
5.300000000000000000e+02 7.940000000000000000e+02
5.300000000000000000e+02 7.940000000000000000e+02
5.300000000000000000e+02 7.940000000000000000e+02
5.300000000000000000e+02 7.940000000000000000e+02
5.300000000000000000e+02 7.940000000000000000e+02
5.300000000000000000e+02 7.940000000000000000e+02
5.300000000000000000e+02 7.940000000000000000e+02
5.300000000000000000e+02 7.940000000000000000e+02
5.300000000000000000e+02 7.940000000000000000e+02
5.300000000000000000e+02 7.940000000000000000e+02
5.300000000000000000e+02 7.940000000000000000e+02
5.300000000000000000e+02 7.940000000000000000e+02
5.300000000000000000e+02 7.940000000000000000e+02
5.300000000000000000e+02 7.940000000000000000e+02
1.200000000000000000e+02 3.390000000000000000e+02
1.200000000000000000e+02 3.390000000000000000e+02
1.200000000000000000e+02 3.390000000000000000e+02
1.200000000000000000e+02 3.390000000000000000e+02
1.200000000000000000e+02 3.390000000000000000e+02
1.200000000000000000e+02 3.390000000000000000e+02
1.200000000000000000e+02 3.390000000000000000e+02
1.200000000000000000e+02 3.390000000000000000e+02
1.200000000000000000e+02 3.390000000000000000e+02
1.200000000000000000e+02 3.390000000000000000e+02
1.200000000000000000e+02 3.390000000000000000e+02
1.200000000000000000e+02 3.390000000000000000e+02
1.200000000000000000e+02 3.390000000000000000e+02
1.200000000000000000e+02 3.390000000000000000e+02
1.200000000000000000e+02 3.390000000000000000e+02
1.200000000000000000e+02 3.390000000000000000e+02
1.200000000000000000e+02 3.390000000000000000e+02
1.200000000000000000e+02 3.390000000000000000e+02
1.200000000000000000e+02 3.390000000000000000e+02
1.200000000000000000e+02 3.390000000000000000e+02
1.200000000000000000e+02 3.390000000000000000e+02
1.200000000000000000e+02 3.390000000000000000e+02
1.200000000000000000e+02 3.390000000000000000e+02
1.200000000000000000e+02 3.390000000000000000e+02
1.200000000000000000e+02 3.390000000000000000e+02
1.200000000000000000e+02 3.390000000000000000e+02
1.200000000000000000e+02 3.390000000000000000e+02
1.200000000000000000e+02 3.390000000000000000e+02
1.200000000000000000e+02 3.390000000000000000e+02
1.200000000000000000e+02 3.390000000000000000e+02
1.200000000000000000e+02 3.390000000000000000e+02
1.200000000000000000e+02 3.390000000000000000e+02
1.200000000000000000e+02 3.390000000000000000e+02
1.200000000000000000e+02 3.390000000000000000e+02
1.200000000000000000e+02 3.390000000000000000e+02
1.200000000000000000e+02 3.390000000000000000e+02
1.200000000000000000e+02 3.390000000000000000e+02
1.200000000000000000e+02 3.390000000000000000e+02
1.200000000000000000e+02 3.390000000000000000e+02
1.780000000000000000e+02 7.140000000000000000e+02
1.780000000000000000e+02 7.140000000000000000e+02
1.780000000000000000e+02 7.140000000000000000e+02
1.780000000000000000e+02 7.140000000000000000e+02
1.780000000000000000e+02 7.140000000000000000e+02
1.780000000000000000e+02 7.140000000000000000e+02
1.780000000000000000e+02 7.140000000000000000e+02
1.780000000000000000e+02 7.140000000000000000e+02
1.780000000000000000e+02 7.140000000000000000e+02
1.780000000000000000e+02 7.140000000000000000e+02
1.780000000000000000e+02 7.140000000000000000e+02
1.780000000000000000e+02 7.140000000000000000e+02
1.780000000000000000e+02 7.140000000000000000e+02
1.780000000000000000e+02 7.140000000000000000e+02
1.780000000000000000e+02 7.140000000000000000e+02
1.780000000000000000e+02 7.140000000000000000e+02
1.780000000000000000e+02 7.140000000000000000e+02
1.780000000000000000e+02 7.140000000000000000e+02
1.780000000000000000e+02 7.140000000000000000e+02
1.780000000000000000e+02 7.140000000000000000e+02
1.780000000000000000e+02 7.140000000000000000e+02
1.780000000000000000e+02 7.140000000000000000e+02
1.780000000000000000e+02 7.140000000000000000e+02
1.780000000000000000e+02 7.140000000000000000e+02
1.780000000000000000e+02 7.140000000000000000e+02
1.780000000000000000e+02 7.140000000000000000e+02
1.780000000000000000e+02 7.140000000000000000e+02
1.780000000000000000e+02 7.140000000000000000e+02
8.460000000000000000e+02 7.320000000000000000e+02
8.460000000000000000e+02 7.320000000000000000e+02
8.460000000000000000e+02 7.320000000000000000e+02
8.460000000000000000e+02 7.320000000000000000e+02
8.460000000000000000e+02 7.320000000000000000e+02
8.460000000000000000e+02 7.320000000000000000e+02
8.460000000000000000e+02 7.320000000000000000e+02
8.460000000000000000e+02 7.320000000000000000e+02
8.460000000000000000e+02 7.320000000000000000e+02
8.460000000000000000e+02 7.320000000000000000e+02
8.460000000000000000e+02 7.320000000000000000e+02
8.460000000000000000e+02 7.320000000000000000e+02
8.460000000000000000e+02 7.320000000000000000e+02
8.460000000000000000e+02 7.320000000000000000e+02
8.460000000000000000e+02 7.320000000000000000e+02
8.460000000000000000e+02 7.320000000000000000e+02
8.460000000000000000e+02 7.320000000000000000e+02
8.460000000000000000e+02 7.320000000000000000e+02
8.460000000000000000e+02 7.320000000000000000e+02
8.460000000000000000e+02 7.320000000000000000e+02
8.460000000000000000e+02 7.320000000000000000e+02
8.460000000000000000e+02 7.320000000000000000e+02
8.460000000000000000e+02 7.320000000000000000e+02
8.460000000000000000e+02 7.320000000000000000e+02
8.460000000000000000e+02 7.320000000000000000e+02
8.460000000000000000e+02 7.320000000000000000e+02
8.460000000000000000e+02 7.320000000000000000e+02
8.460000000000000000e+02 7.320000000000000000e+02
8.460000000000000000e+02 7.320000000000000000e+02
8.460000000000000000e+02 7.320000000000000000e+02
8.460000000000000000e+02 7.320000000000000000e+02
8.460000000000000000e+02 7.320000000000000000e+02
8.460000000000000000e+02 7.320000000000000000e+02
8.460000000000000000e+02 7.320000000000000000e+02
8.460000000000000000e+02 7.320000000000000000e+02
3.470000000000000000e+02 7.150000000000000000e+02
3.470000000000000000e+02 7.150000000000000000e+02
3.470000000000000000e+02 7.150000000000000000e+02
3.470000000000000000e+02 7.150000000000000000e+02
3.470000000000000000e+02 7.150000000000000000e+02
3.470000000000000000e+02 7.150000000000000000e+02
3.470000000000000000e+02 7.150000000000000000e+02
3.470000000000000000e+02 7.150000000000000000e+02
3.470000000000000000e+02 7.150000000000000000e+02
3.470000000000000000e+02 7.150000000000000000e+02
3.470000000000000000e+02 7.150000000000000000e+02
3.470000000000000000e+02 7.150000000000000000e+02
3.470000000000000000e+02 7.150000000000000000e+02
3.470000000000000000e+02 7.150000000000000000e+02
3.470000000000000000e+02 7.150000000000000000e+02
3.470000000000000000e+02 7.150000000000000000e+02
3.470000000000000000e+02 7.150000000000000000e+02
3.470000000000000000e+02 7.150000000000000000e+02
3.470000000000000000e+02 7.150000000000000000e+02
3.470000000000000000e+02 7.150000000000000000e+02
3.470000000000000000e+02 7.150000000000000000e+02
3.470000000000000000e+02 7.150000000000000000e+02
3.470000000000000000e+02 7.150000000000000000e+02
3.470000000000000000e+02 7.150000000000000000e+02
3.470000000000000000e+02 7.150000000000000000e+02
3.470000000000000000e+02 7.150000000000000000e+02
3.470000000000000000e+02 7.150000000000000000e+02
3.470000000000000000e+02 7.150000000000000000e+02
3.470000000000000000e+02 7.150000000000000000e+02
3.470000000000000000e+02 7.150000000000000000e+02
3.470000000000000000e+02 7.150000000000000000e+02
3.470000000000000000e+02 7.150000000000000000e+02
3.470000000000000000e+02 7.150000000000000000e+02
3.470000000000000000e+02 7.150000000000000000e+02
3.470000000000000000e+02 7.150000000000000000e+02
3.470000000000000000e+02 7.150000000000000000e+02
3.470000000000000000e+02 7.150000000000000000e+02
3.470000000000000000e+02 7.150000000000000000e+02
3.470000000000000000e+02 7.150000000000000000e+02
3.470000000000000000e+02 7.150000000000000000e+02
3.470000000000000000e+02 7.150000000000000000e+02
3.470000000000000000e+02 7.150000000000000000e+02
3.470000000000000000e+02 7.150000000000000000e+02
3.470000000000000000e+02 7.150000000000000000e+02
3.470000000000000000e+02 7.150000000000000000e+02
3.470000000000000000e+02 7.150000000000000000e+02
3.470000000000000000e+02 7.150000000000000000e+02
3.470000000000000000e+02 7.150000000000000000e+02
3.470000000000000000e+02 7.150000000000000000e+02
3.470000000000000000e+02 7.150000000000000000e+02
3.470000000000000000e+02 7.150000000000000000e+02
3.470000000000000000e+02 7.150000000000000000e+02
3.470000000000000000e+02 7.150000000000000000e+02
3.470000000000000000e+02 7.150000000000000000e+02
3.470000000000000000e+02 7.150000000000000000e+02
3.470000000000000000e+02 7.150000000000000000e+02
3.470000000000000000e+02 7.150000000000000000e+02
3.470000000000000000e+02 7.150000000000000000e+02
3.470000000000000000e+02 7.150000000000000000e+02
3.470000000000000000e+02 7.150000000000000000e+02
3.470000000000000000e+02 7.150000000000000000e+02
3.470000000000000000e+02 7.150000000000000000e+02
7.390000000000000000e+02 4.090000000000000000e+02
7.390000000000000000e+02 4.090000000000000000e+02
7.390000000000000000e+02 4.090000000000000000e+02
7.390000000000000000e+02 4.090000000000000000e+02
7.390000000000000000e+02 4.090000000000000000e+02
7.390000000000000000e+02 4.090000000000000000e+02
7.390000000000000000e+02 4.090000000000000000e+02
7.390000000000000000e+02 4.090000000000000000e+02
7.390000000000000000e+02 4.090000000000000000e+02
7.390000000000000000e+02 4.090000000000000000e+02
7.390000000000000000e+02 4.090000000000000000e+02
7.390000000000000000e+02 4.090000000000000000e+02
7.390000000000000000e+02 4.090000000000000000e+02
7.390000000000000000e+02 4.090000000000000000e+02
7.390000000000000000e+02 4.090000000000000000e+02
7.390000000000000000e+02 4.090000000000000000e+02
7.390000000000000000e+02 4.090000000000000000e+02
7.390000000000000000e+02 4.090000000000000000e+02
7.390000000000000000e+02 4.090000000000000000e+02
7.390000000000000000e+02 4.090000000000000000e+02
7.390000000000000000e+02 4.090000000000000000e+02
7.390000000000000000e+02 4.090000000000000000e+02
7.390000000000000000e+02 4.090000000000000000e+02
7.390000000000000000e+02 4.090000000000000000e+02
7.390000000000000000e+02 4.090000000000000000e+02
7.390000000000000000e+02 4.090000000000000000e+02
7.390000000000000000e+02 4.090000000000000000e+02
7.390000000000000000e+02 4.090000000000000000e+02
7.390000000000000000e+02 4.090000000000000000e+02
7.390000000000000000e+02 4.090000000000000000e+02
7.390000000000000000e+02 4.090000000000000000e+02
4.730000000000000000e+02 5.820000000000000000e+02
4.730000000000000000e+02 5.820000000000000000e+02
4.730000000000000000e+02 5.820000000000000000e+02
4.730000000000000000e+02 5.820000000000000000e+02
4.730000000000000000e+02 5.820000000000000000e+02
4.730000000000000000e+02 5.820000000000000000e+02
4.730000000000000000e+02 5.820000000000000000e+02
4.730000000000000000e+02 5.820000000000000000e+02
4.730000000000000000e+02 5.820000000000000000e+02
4.730000000000000000e+02 5.820000000000000000e+02
4.730000000000000000e+02 5.820000000000000000e+02
4.730000000000000000e+02 5.820000000000000000e+02
4.730000000000000000e+02 5.820000000000000000e+02
4.730000000000000000e+02 5.820000000000000000e+02
4.730000000000000000e+02 5.820000000000000000e+02
4.730000000000000000e+02 5.820000000000000000e+02
4.730000000000000000e+02 5.820000000000000000e+02
4.730000000000000000e+02 5.820000000000000000e+02
4.730000000000000000e+02 5.820000000000000000e+02
4.730000000000000000e+02 5.820000000000000000e+02
4.730000000000000000e+02 5.820000000000000000e+02
4.730000000000000000e+02 5.820000000000000000e+02
4.730000000000000000e+02 5.820000000000000000e+02
4.730000000000000000e+02 5.820000000000000000e+02
4.730000000000000000e+02 5.820000000000000000e+02
4.730000000000000000e+02 5.820000000000000000e+02
4.730000000000000000e+02 5.820000000000000000e+02
4.730000000000000000e+02 5.820000000000000000e+02
2.590000000000000000e+02 8.580000000000000000e+02
2.590000000000000000e+02 8.580000000000000000e+02
2.590000000000000000e+02 8.580000000000000000e+02
2.590000000000000000e+02 8.580000000000000000e+02
2.590000000000000000e+02 8.580000000000000000e+02
2.590000000000000000e+02 8.580000000000000000e+02
2.590000000000000000e+02 8.580000000000000000e+02
2.590000000000000000e+02 8.580000000000000000e+02
2.590000000000000000e+02 8.580000000000000000e+02
2.590000000000000000e+02 8.580000000000000000e+02
2.590000000000000000e+02 8.580000000000000000e+02
2.590000000000000000e+02 8.580000000000000000e+02
2.590000000000000000e+02 8.580000000000000000e+02
2.590000000000000000e+02 8.580000000000000000e+02
2.590000000000000000e+02 8.580000000000000000e+02
2.590000000000000000e+02 8.580000000000000000e+02
2.590000000000000000e+02 8.580000000000000000e+02
2.590000000000000000e+02 8.580000000000000000e+02
2.590000000000000000e+02 8.580000000000000000e+02
2.590000000000000000e+02 8.580000000000000000e+02
2.590000000000000000e+02 8.580000000000000000e+02
2.590000000000000000e+02 8.580000000000000000e+02
2.590000000000000000e+02 8.580000000000000000e+02
2.590000000000000000e+02 8.580000000000000000e+02
2.590000000000000000e+02 8.580000000000000000e+02
2.590000000000000000e+02 8.580000000000000000e+02
2.590000000000000000e+02 8.580000000000000000e+02
2.590000000000000000e+02 8.580000000000000000e+02
2.590000000000000000e+02 8.580000000000000000e+02
2.590000000000000000e+02 8.580000000000000000e+02
2.590000000000000000e+02 8.580000000000000000e+02
2.590000000000000000e+02 8.580000000000000000e+02
2.590000000000000000e+02 8.580000000000000000e+02
2.590000000000000000e+02 8.580000000000000000e+02
8.030000000000000000e+02 1.370000000000000000e+02
8.030000000000000000e+02 1.370000000000000000e+02
8.030000000000000000e+02 1.370000000000000000e+02
8.030000000000000000e+02 1.370000000000000000e+02
8.030000000000000000e+02 1.370000000000000000e+02
8.030000000000000000e+02 1.370000000000000000e+02
8.030000000000000000e+02 1.370000000000000000e+02
8.030000000000000000e+02 1.370000000000000000e+02
8.030000000000000000e+02 1.370000000000000000e+02
8.030000000000000000e+02 1.370000000000000000e+02
8.030000000000000000e+02 1.370000000000000000e+02
8.030000000000000000e+02 1.370000000000000000e+02
8.030000000000000000e+02 1.370000000000000000e+02
8.030000000000000000e+02 1.370000000000000000e+02
8.030000000000000000e+02 1.370000000000000000e+02
8.030000000000000000e+02 1.370000000000000000e+02
8.030000000000000000e+02 1.370000000000000000e+02
8.030000000000000000e+02 1.370000000000000000e+02
8.030000000000000000e+02 1.370000000000000000e+02
8.030000000000000000e+02 1.370000000000000000e+02
8.030000000000000000e+02 1.370000000000000000e+02
8.030000000000000000e+02 1.370000000000000000e+02
8.030000000000000000e+02 1.370000000000000000e+02
8.030000000000000000e+02 1.370000000000000000e+02
8.030000000000000000e+02 1.370000000000000000e+02
8.030000000000000000e+02 1.370000000000000000e+02
8.030000000000000000e+02 1.370000000000000000e+02
8.030000000000000000e+02 1.370000000000000000e+02
8.030000000000000000e+02 1.370000000000000000e+02
8.030000000000000000e+02 1.370000000000000000e+02
8.030000000000000000e+02 1.370000000000000000e+02
8.030000000000000000e+02 1.370000000000000000e+02
8.030000000000000000e+02 1.370000000000000000e+02
8.030000000000000000e+02 1.370000000000000000e+02
8.030000000000000000e+02 1.370000000000000000e+02
8.030000000000000000e+02 1.370000000000000000e+02
8.030000000000000000e+02 1.370000000000000000e+02
8.030000000000000000e+02 1.370000000000000000e+02
8.030000000000000000e+02 1.370000000000000000e+02
8.030000000000000000e+02 1.370000000000000000e+02
8.030000000000000000e+02 1.370000000000000000e+02
8.030000000000000000e+02 1.370000000000000000e+02
8.750000000000000000e+02 2.740000000000000000e+02
8.750000000000000000e+02 2.740000000000000000e+02
8.750000000000000000e+02 2.740000000000000000e+02
8.750000000000000000e+02 2.740000000000000000e+02
8.750000000000000000e+02 2.740000000000000000e+02
8.750000000000000000e+02 2.740000000000000000e+02
8.750000000000000000e+02 2.740000000000000000e+02
8.750000000000000000e+02 2.740000000000000000e+02
8.750000000000000000e+02 2.740000000000000000e+02
8.750000000000000000e+02 2.740000000000000000e+02
8.750000000000000000e+02 2.740000000000000000e+02
8.750000000000000000e+02 2.740000000000000000e+02
8.750000000000000000e+02 2.740000000000000000e+02
8.750000000000000000e+02 2.740000000000000000e+02
8.750000000000000000e+02 2.740000000000000000e+02
8.750000000000000000e+02 2.740000000000000000e+02
8.750000000000000000e+02 2.740000000000000000e+02
8.750000000000000000e+02 2.740000000000000000e+02
8.750000000000000000e+02 2.740000000000000000e+02
8.750000000000000000e+02 2.740000000000000000e+02
8.750000000000000000e+02 2.740000000000000000e+02
8.750000000000000000e+02 2.740000000000000000e+02
8.750000000000000000e+02 2.740000000000000000e+02
8.750000000000000000e+02 2.740000000000000000e+02
8.750000000000000000e+02 2.740000000000000000e+02
8.750000000000000000e+02 2.740000000000000000e+02
8.750000000000000000e+02 2.740000000000000000e+02
8.750000000000000000e+02 2.740000000000000000e+02
8.750000000000000000e+02 2.740000000000000000e+02
8.750000000000000000e+02 2.740000000000000000e+02
8.750000000000000000e+02 2.740000000000000000e+02
8.750000000000000000e+02 2.740000000000000000e+02
8.750000000000000000e+02 2.740000000000000000e+02
8.750000000000000000e+02 2.740000000000000000e+02
8.750000000000000000e+02 2.740000000000000000e+02
8.750000000000000000e+02 2.740000000000000000e+02
8.750000000000000000e+02 2.740000000000000000e+02
2.160000000000000000e+02 7.540000000000000000e+02
2.160000000000000000e+02 7.540000000000000000e+02
2.160000000000000000e+02 7.540000000000000000e+02
2.160000000000000000e+02 7.540000000000000000e+02
2.160000000000000000e+02 7.540000000000000000e+02
2.160000000000000000e+02 7.540000000000000000e+02
2.160000000000000000e+02 7.540000000000000000e+02
2.160000000000000000e+02 7.540000000000000000e+02
2.160000000000000000e+02 7.540000000000000000e+02
2.160000000000000000e+02 7.540000000000000000e+02
2.160000000000000000e+02 7.540000000000000000e+02
2.160000000000000000e+02 7.540000000000000000e+02
2.160000000000000000e+02 7.540000000000000000e+02
2.160000000000000000e+02 7.540000000000000000e+02
2.160000000000000000e+02 7.540000000000000000e+02
2.160000000000000000e+02 7.540000000000000000e+02
2.160000000000000000e+02 7.540000000000000000e+02
2.160000000000000000e+02 7.540000000000000000e+02
2.160000000000000000e+02 7.540000000000000000e+02
2.160000000000000000e+02 7.540000000000000000e+02
2.160000000000000000e+02 7.540000000000000000e+02
2.160000000000000000e+02 7.540000000000000000e+02
2.160000000000000000e+02 7.540000000000000000e+02
2.160000000000000000e+02 7.540000000000000000e+02
2.160000000000000000e+02 7.540000000000000000e+02
2.160000000000000000e+02 7.540000000000000000e+02
2.160000000000000000e+02 7.540000000000000000e+02
2.160000000000000000e+02 7.540000000000000000e+02
2.160000000000000000e+02 7.540000000000000000e+02
2.160000000000000000e+02 7.540000000000000000e+02
2.160000000000000000e+02 7.540000000000000000e+02
2.160000000000000000e+02 7.540000000000000000e+02
2.160000000000000000e+02 7.540000000000000000e+02
2.160000000000000000e+02 7.540000000000000000e+02
2.160000000000000000e+02 7.540000000000000000e+02
2.160000000000000000e+02 7.540000000000000000e+02
2.160000000000000000e+02 7.540000000000000000e+02
2.160000000000000000e+02 7.540000000000000000e+02
2.160000000000000000e+02 7.540000000000000000e+02
2.160000000000000000e+02 7.540000000000000000e+02
2.160000000000000000e+02 7.540000000000000000e+02
2.160000000000000000e+02 7.540000000000000000e+02
2.160000000000000000e+02 7.540000000000000000e+02
1.630000000000000000e+02 4.290000000000000000e+02
1.630000000000000000e+02 4.290000000000000000e+02
1.630000000000000000e+02 4.290000000000000000e+02
1.630000000000000000e+02 4.290000000000000000e+02
1.630000000000000000e+02 4.290000000000000000e+02
1.630000000000000000e+02 4.290000000000000000e+02
1.630000000000000000e+02 4.290000000000000000e+02
1.630000000000000000e+02 4.290000000000000000e+02
1.630000000000000000e+02 4.290000000000000000e+02
1.630000000000000000e+02 4.290000000000000000e+02
1.630000000000000000e+02 4.290000000000000000e+02
1.630000000000000000e+02 4.290000000000000000e+02
1.630000000000000000e+02 4.290000000000000000e+02
1.630000000000000000e+02 4.290000000000000000e+02
1.630000000000000000e+02 4.290000000000000000e+02
1.630000000000000000e+02 4.290000000000000000e+02
1.630000000000000000e+02 4.290000000000000000e+02
1.630000000000000000e+02 4.290000000000000000e+02
1.630000000000000000e+02 4.290000000000000000e+02
1.630000000000000000e+02 4.290000000000000000e+02
1.630000000000000000e+02 4.290000000000000000e+02
1.630000000000000000e+02 4.290000000000000000e+02
1.630000000000000000e+02 4.290000000000000000e+02
1.630000000000000000e+02 4.290000000000000000e+02
1.630000000000000000e+02 4.290000000000000000e+02
1.630000000000000000e+02 4.290000000000000000e+02
1.630000000000000000e+02 4.290000000000000000e+02
1.630000000000000000e+02 4.290000000000000000e+02
1.630000000000000000e+02 4.290000000000000000e+02
1.630000000000000000e+02 4.290000000000000000e+02
1.630000000000000000e+02 4.290000000000000000e+02
1.630000000000000000e+02 4.290000000000000000e+02
1.630000000000000000e+02 4.290000000000000000e+02
8.300000000000000000e+02 7.160000000000000000e+02
8.300000000000000000e+02 7.160000000000000000e+02
8.300000000000000000e+02 7.160000000000000000e+02
8.300000000000000000e+02 7.160000000000000000e+02
8.300000000000000000e+02 7.160000000000000000e+02
8.300000000000000000e+02 7.160000000000000000e+02
8.300000000000000000e+02 7.160000000000000000e+02
8.300000000000000000e+02 7.160000000000000000e+02
8.300000000000000000e+02 7.160000000000000000e+02
8.300000000000000000e+02 7.160000000000000000e+02
8.300000000000000000e+02 7.160000000000000000e+02
8.300000000000000000e+02 7.160000000000000000e+02
8.300000000000000000e+02 7.160000000000000000e+02
8.300000000000000000e+02 7.160000000000000000e+02
8.300000000000000000e+02 7.160000000000000000e+02
8.300000000000000000e+02 7.160000000000000000e+02
8.300000000000000000e+02 7.160000000000000000e+02
8.300000000000000000e+02 7.160000000000000000e+02
8.300000000000000000e+02 7.160000000000000000e+02
8.300000000000000000e+02 7.160000000000000000e+02
8.300000000000000000e+02 7.160000000000000000e+02
8.300000000000000000e+02 7.160000000000000000e+02
8.300000000000000000e+02 7.160000000000000000e+02
8.300000000000000000e+02 7.160000000000000000e+02
8.300000000000000000e+02 7.160000000000000000e+02
8.300000000000000000e+02 7.160000000000000000e+02
8.300000000000000000e+02 7.160000000000000000e+02
8.300000000000000000e+02 7.160000000000000000e+02
8.300000000000000000e+02 7.160000000000000000e+02
8.300000000000000000e+02 7.160000000000000000e+02
8.300000000000000000e+02 7.160000000000000000e+02
8.300000000000000000e+02 7.160000000000000000e+02
8.300000000000000000e+02 7.160000000000000000e+02
8.300000000000000000e+02 7.160000000000000000e+02
8.300000000000000000e+02 7.160000000000000000e+02
8.300000000000000000e+02 7.160000000000000000e+02
8.300000000000000000e+02 7.160000000000000000e+02
8.300000000000000000e+02 7.160000000000000000e+02
8.300000000000000000e+02 7.160000000000000000e+02
4.380000000000000000e+02 5.370000000000000000e+02
4.380000000000000000e+02 5.370000000000000000e+02
4.380000000000000000e+02 5.370000000000000000e+02
4.380000000000000000e+02 5.370000000000000000e+02
4.380000000000000000e+02 5.370000000000000000e+02
4.380000000000000000e+02 5.370000000000000000e+02
4.380000000000000000e+02 5.370000000000000000e+02
4.380000000000000000e+02 5.370000000000000000e+02
4.380000000000000000e+02 5.370000000000000000e+02
4.380000000000000000e+02 5.370000000000000000e+02
4.380000000000000000e+02 5.370000000000000000e+02
4.380000000000000000e+02 5.370000000000000000e+02
4.380000000000000000e+02 5.370000000000000000e+02
4.380000000000000000e+02 5.370000000000000000e+02
4.380000000000000000e+02 5.370000000000000000e+02
4.380000000000000000e+02 5.370000000000000000e+02
4.380000000000000000e+02 5.370000000000000000e+02
4.380000000000000000e+02 5.370000000000000000e+02
4.380000000000000000e+02 5.370000000000000000e+02
4.380000000000000000e+02 5.370000000000000000e+02
4.380000000000000000e+02 5.370000000000000000e+02
4.380000000000000000e+02 5.370000000000000000e+02
4.380000000000000000e+02 5.370000000000000000e+02
4.380000000000000000e+02 5.370000000000000000e+02
4.380000000000000000e+02 5.370000000000000000e+02
4.380000000000000000e+02 5.370000000000000000e+02
4.380000000000000000e+02 5.370000000000000000e+02
4.380000000000000000e+02 5.370000000000000000e+02
4.380000000000000000e+02 5.370000000000000000e+02
3.060000000000000000e+02 4.320000000000000000e+02
3.060000000000000000e+02 4.320000000000000000e+02
3.060000000000000000e+02 4.320000000000000000e+02
3.060000000000000000e+02 4.320000000000000000e+02
3.060000000000000000e+02 4.320000000000000000e+02
3.060000000000000000e+02 4.320000000000000000e+02
3.060000000000000000e+02 4.320000000000000000e+02
3.060000000000000000e+02 4.320000000000000000e+02
3.060000000000000000e+02 4.320000000000000000e+02
3.060000000000000000e+02 4.320000000000000000e+02
3.060000000000000000e+02 4.320000000000000000e+02
3.060000000000000000e+02 4.320000000000000000e+02
3.060000000000000000e+02 4.320000000000000000e+02
3.060000000000000000e+02 4.320000000000000000e+02
3.060000000000000000e+02 4.320000000000000000e+02
3.060000000000000000e+02 4.320000000000000000e+02
3.060000000000000000e+02 4.320000000000000000e+02
3.060000000000000000e+02 4.320000000000000000e+02
3.060000000000000000e+02 4.320000000000000000e+02
3.060000000000000000e+02 4.320000000000000000e+02
3.060000000000000000e+02 4.320000000000000000e+02
3.060000000000000000e+02 4.320000000000000000e+02
3.060000000000000000e+02 4.320000000000000000e+02
3.060000000000000000e+02 4.320000000000000000e+02
3.060000000000000000e+02 4.320000000000000000e+02
3.060000000000000000e+02 4.320000000000000000e+02
3.060000000000000000e+02 4.320000000000000000e+02
2.900000000000000000e+02 3.560000000000000000e+02
2.900000000000000000e+02 3.560000000000000000e+02
2.900000000000000000e+02 3.560000000000000000e+02
2.900000000000000000e+02 3.560000000000000000e+02
2.900000000000000000e+02 3.560000000000000000e+02
2.900000000000000000e+02 3.560000000000000000e+02
2.900000000000000000e+02 3.560000000000000000e+02
2.900000000000000000e+02 3.560000000000000000e+02
2.900000000000000000e+02 3.560000000000000000e+02
2.900000000000000000e+02 3.560000000000000000e+02
2.900000000000000000e+02 3.560000000000000000e+02
2.900000000000000000e+02 3.560000000000000000e+02
