1.390000000000000000e+03 1.900000000000000000e+02
1.429982412140574979e+03 3.120410383386581543e+02
1.347499494133538292e+03 1.964585480837990588e+02
1.366996279069767525e+03 1.876654263565891654e+02
1.483000000000000000e+03 1.970000000000000000e+02
1.504957434124239853e+03 2.321499940383927481e+02
1.364000000000000000e+03 2.640000000000000000e+02
1.463000285578295916e+03 2.589999286054260210e+02
1.434000000000000000e+03 2.740000000000000000e+02
1.400000000000000000e+03 2.920000000000000000e+02
1.395000000000000000e+03 2.930000000000000000e+02
1.389000000000000000e+03 2.990000000000000000e+02
1.373000000000000000e+03 3.100000000000000000e+02
1.335000000000000000e+03 3.340000000000000000e+02
1.300987650494695117e+03 3.560052926451306234e+02
1.273000000000000000e+03 3.710000000000000000e+02
1.240981883194278680e+03 3.865090584028606600e+02
1.204000000000000000e+03 4.040000000000000000e+02
1.170968335717691843e+03 4.170158321411541351e+02
1.137000000000000000e+03 4.290000000000000000e+02
1.126000000000000000e+03 4.300000000000000000e+02
1.113000000000000000e+03 4.300000000000000000e+02
1.071000000000000000e+03 4.360000000000000000e+02
1.046000000000000000e+03 4.390000000000000000e+02
1.028000000000000000e+03 4.420000000000000000e+02
1.012000000000000000e+03 4.470000000000000000e+02
1.002000000000000000e+03 4.500000000000000000e+02
9.934948510131107469e+02 4.550034326579261688e+02
9.790000000000000000e+02 4.620000000000000000e+02
9.780000000000000000e+02 4.620000000000000000e+02
9.760000000000000000e+02 4.630000000000000000e+02
9.760000000000000000e+02 4.630000000000000000e+02
9.760000000000000000e+02 4.630000000000000000e+02
9.760000000000000000e+02 4.630000000000000000e+02
9.760000000000000000e+02 4.630000000000000000e+02
9.760000000000000000e+02 4.630000000000000000e+02
9.760000000000000000e+02 4.630000000000000000e+02
9.760000000000000000e+02 4.630000000000000000e+02
9.760000000000000000e+02 4.630000000000000000e+02
9.760000000000000000e+02 4.630000000000000000e+02
9.760000000000000000e+02 4.630000000000000000e+02
9.760000000000000000e+02 4.630000000000000000e+02
9.760000000000000000e+02 4.630000000000000000e+02
9.760000000000000000e+02 4.630000000000000000e+02
9.760000000000000000e+02 4.630000000000000000e+02
9.760000000000000000e+02 4.630000000000000000e+02
9.760000000000000000e+02 4.626805913209345249e+02
9.750000000000000000e+02 4.610000000000000000e+02
9.750000000000000000e+02 4.610000000000000000e+02
9.740000000000000000e+02 4.610000000000000000e+02
9.740000000000000000e+02 4.610000000000000000e+02
9.740000000000000000e+02 4.610000000000000000e+02
9.740000000000000000e+02 4.610000000000000000e+02
9.740000000000000000e+02 4.610000000000000000e+02
9.740000000000000000e+02 4.610000000000000000e+02
9.720000000000000000e+02 4.600000000000000000e+02
9.720000000000000000e+02 4.600000000000000000e+02
9.720000000000000000e+02 4.600000000000000000e+02
9.720000000000000000e+02 4.600000000000000000e+02
9.720000000000000000e+02 4.600000000000000000e+02
9.720000000000000000e+02 4.600000000000000000e+02
9.720000000000000000e+02 4.600000000000000000e+02
9.720000000000000000e+02 4.600000000000000000e+02
9.720000000000000000e+02 4.600000000000000000e+02
9.550000000000000000e+02 4.610000000000000000e+02
8.630000000000000000e+02 4.610000000000000000e+02
8.376743058823526553e+02 4.651628470588236723e+02
8.150000000000000000e+02 4.870000000000000000e+02
7.989687408188631252e+02 5.010312591811368748e+02
8.050000000000000000e+02 6.130000000000000000e+02
7.230000000000000000e+02 5.920000000000000000e+02
8.120000000000000000e+02 6.170000000000000000e+02
7.050000000000000000e+02 5.420000000000000000e+02
7.160000000000000000e+02 4.450000000000000000e+02
6.520000000000000000e+02 4.700000000000000000e+02
6.320000000000000000e+02 5.140000000000000000e+02
7.180000000000000000e+02 5.640000000000000000e+02
7.974440419447010981e+02 4.864209723546372857e+02
7.970000000000000000e+02 5.450000000000000000e+02
7.355446618776201149e+02 4.560005449591361639e+02
7.900000000000000000e+02 5.210000000000000000e+02
7.360000000000000000e+02 5.450000000000000000e+02
7.360000000000000000e+02 5.450000000000000000e+02
7.360000000000000000e+02 5.450000000000000000e+02
7.360000000000000000e+02 5.450000000000000000e+02
7.360000000000000000e+02 5.450000000000000000e+02
7.360000000000000000e+02 5.450000000000000000e+02
7.360000000000000000e+02 5.450000000000000000e+02
7.340000000000000000e+02 5.450000000000000000e+02
7.320000000000000000e+02 5.450000000000000000e+02
7.310000000000000000e+02 5.430000000000000000e+02
7.300000000000000000e+02 5.430000000000000000e+02
7.290000000000000000e+02 5.430000000000000000e+02
7.290000000000000000e+02 5.430000000000000000e+02
7.290000000000000000e+02 5.430000000000000000e+02
7.290000000000000000e+02 5.430000000000000000e+02
7.290000000000000000e+02 5.430000000000000000e+02
7.290000000000000000e+02 5.430000000000000000e+02
7.290000000000000000e+02 5.430000000000000000e+02
7.290000000000000000e+02 5.430000000000000000e+02
7.300000000000000000e+02 5.430000000000000000e+02
7.290000000000000000e+02 5.440000000000000000e+02
7.090000000000000000e+02 5.390000000000000000e+02
6.750000000000000000e+02 5.060000000000000000e+02
6.530000000000000000e+02 4.340000000000000000e+02
6.190000000000000000e+02 3.590000000000000000e+02
5.930000000000000000e+02 3.140000000000000000e+02
5.650000000000000000e+02 2.680000000000000000e+02
5.440000000000000000e+02 2.400000000000000000e+02
5.310000000000000000e+02 2.240000000000000000e+02
5.200000000000000000e+02 2.100000000000000000e+02
5.090000000000000000e+02 1.960000000000000000e+02
4.950000000000000000e+02 1.830000000000000000e+02
4.850000000000000000e+02 1.730000000000000000e+02
4.740000000000000000e+02 1.570000000000000000e+02
4.640000000000000000e+02 1.400000000000000000e+02
4.610000000000000000e+02 1.300000000000000000e+02
4.570000000000000000e+02 1.200000000000000000e+02
4.570000000000000000e+02 1.170000000000000000e+02
4.570000000000000000e+02 1.170000000000000000e+02
4.570000000000000000e+02 1.170000000000000000e+02
4.570000000000000000e+02 1.170000000000000000e+02
4.570000000000000000e+02 1.170000000000000000e+02
4.570000000000000000e+02 1.170000000000000000e+02
4.570000000000000000e+02 1.170000000000000000e+02
4.570000000000000000e+02 1.170000000000000000e+02
4.570000000000000000e+02 1.170000000000000000e+02
4.570000000000000000e+02 1.170000000000000000e+02
4.570000000000000000e+02 1.170000000000000000e+02
4.570000000000000000e+02 1.170000000000000000e+02
4.511566897209635272e+02 1.266324827092773688e+02
4.360000000000000000e+02 1.500000000000000000e+02
4.190000000000000000e+02 1.820000000000000000e+02
4.110000000000000000e+02 2.020000000000000000e+02
3.940000000000000000e+02 2.330000000000000000e+02
3.780000000000000000e+02 2.640000000000000000e+02
3.480000000000000000e+02 3.150000000000000000e+02
3.370000000000000000e+02 3.360000000000000000e+02
3.310000000000000000e+02 3.550000000000000000e+02
3.300000000000000000e+02 3.710000000000000000e+02
3.260000000000000000e+02 3.980000000000000000e+02
3.218327950017675221e+02 4.213344099964648990e+02
3.140000000000000000e+02 4.390000000000000000e+02
3.100000000000000000e+02 4.480000000000000000e+02
3.080000000000000000e+02 4.520000000000000000e+02
3.080000000000000000e+02 4.570000000000000000e+02
3.090000000000000000e+02 4.620000000000000000e+02
3.100000000000000000e+02 4.670000000000000000e+02
3.100000000000000000e+02 4.710000000000000000e+02
3.130000000000000000e+02 4.760000000000000000e+02
3.150000000000000000e+02 4.800000000000000000e+02
3.150000000000000000e+02 4.810000000000000000e+02
3.150000000000000000e+02 4.820000000000000000e+02
3.160000000000000000e+02 4.820000000000000000e+02
3.160000000000000000e+02 4.820000000000000000e+02
3.160000000000000000e+02 4.820000000000000000e+02
3.160000000000000000e+02 4.820000000000000000e+02
3.160000000000000000e+02 4.820000000000000000e+02
3.160000000000000000e+02 4.820000000000000000e+02
3.160000000000000000e+02 4.820000000000000000e+02
3.160000000000000000e+02 4.820000000000000000e+02
3.160000000000000000e+02 4.820000000000000000e+02
3.160000000000000000e+02 4.820000000000000000e+02
3.099121410807140933e+02 4.818242821614282434e+02
3.080000000000000000e+02 4.680000000000000000e+02
3.102924340467894240e+02 4.587660527625684495e+02
3.290000000000000000e+02 4.460000000000000000e+02
3.370000000000000000e+02 4.480000000000000000e+02
3.580000000000000000e+02 4.750000000000000000e+02
3.920000000000000000e+02 5.140000000000000000e+02
4.170000000000000000e+02 5.370000000000000000e+02
4.350000000000000000e+02 5.580000000000000000e+02
4.420000000000000000e+02 5.720000000000000000e+02
4.470000000000000000e+02 5.930000000000000000e+02
4.520000000000000000e+02 6.130000000000000000e+02
4.540000000000000000e+02 6.410000000000000000e+02
4.560000000000000000e+02 6.560000000000000000e+02
4.560000000000000000e+02 6.614668539923145545e+02
3.800000000000000000e+02 7.460000000000000000e+02
4.120000000000000000e+02 7.230000000000000000e+02
3.490000000000000000e+02 6.400000000000000000e+02
5.060000000000000000e+02 7.090000000000000000e+02
3.710000000000000000e+02 7.680000000000000000e+02
4.280000000000000000e+02 7.160000000000000000e+02
4.280000000000000000e+02 7.170000000000000000e+02
4.280000000000000000e+02 7.170000000000000000e+02
4.280000000000000000e+02 7.170000000000000000e+02
5.020331881840623396e+02 7.799916205719355276e+02
4.550000000000000000e+02 7.240000000000000000e+02
4.550000000000000000e+02 7.240000000000000000e+02
4.550000000000000000e+02 7.270000000000000000e+02
4.560000000000000000e+02 7.320000000000000000e+02
4.560000000000000000e+02 7.320000000000000000e+02
4.560000000000000000e+02 7.320000000000000000e+02
4.560000000000000000e+02 7.320000000000000000e+02
4.560000000000000000e+02 7.320000000000000000e+02
4.520000000000000000e+02 7.320000000000000000e+02
4.510000000000000000e+02 7.320000000000000000e+02
4.492159513590842153e+02 7.320000000000000000e+02
4.480000000000000000e+02 7.320000000000000000e+02
4.470000000000000000e+02 7.320000000000000000e+02
4.470000000000000000e+02 7.320000000000000000e+02
4.470000000000000000e+02 7.320000000000000000e+02
4.470000000000000000e+02 7.320000000000000000e+02
4.470000000000000000e+02 7.320000000000000000e+02
4.470000000000000000e+02 7.320000000000000000e+02
4.470000000000000000e+02 7.320000000000000000e+02
4.450000000000000000e+02 7.314433652195226614e+02
4.440000000000000000e+02 7.310000000000000000e+02
4.430000000000000000e+02 7.298624371558513531e+02
4.430000000000000000e+02 7.290000000000000000e+02
4.430000000000000000e+02 7.290000000000000000e+02
4.430000000000000000e+02 7.290000000000000000e+02
4.430000000000000000e+02 7.290000000000000000e+02
4.430000000000000000e+02 7.290000000000000000e+02
4.430000000000000000e+02 7.290000000000000000e+02
4.430000000000000000e+02 7.290000000000000000e+02
4.430000000000000000e+02 7.290000000000000000e+02
4.870000000000000000e+02 6.160000000000000000e+02
4.150000000000000000e+02 6.150000000000000000e+02
3.180000000000000000e+02 4.890000000000000000e+02
3.320000000000000000e+02 6.010000000000000000e+02
3.610000000000000000e+02 5.060000000000000000e+02
2.660000000000000000e+02 4.830000000000000000e+02
1.530000000000000000e+02 3.570000000000000000e+02
1.911626248216833233e+02 3.872439372325249565e+02
1.760000000000000000e+02 3.690000000000000000e+02
1.608026807760120107e+02 3.510702410346826809e+02
1.450000000000000000e+02 3.290000000000000000e+02
1.360000000000000000e+02 3.150000000000000000e+02
1.280000000000000000e+02 3.000000000000000000e+02
1.190000000000000000e+02 2.840000000000000000e+02
1.130000000000000000e+02 2.720000000000000000e+02
1.020000000000000000e+02 2.510000000000000000e+02
9.600000000000000000e+01 2.390000000000000000e+02
9.100000000000000000e+01 2.330000000000000000e+02
8.700000000000000000e+01 2.280000000000000000e+02
8.700000000000000000e+01 2.270000000000000000e+02
8.500000000000000000e+01 2.230000000000000000e+02
8.500000000000000000e+01 2.230000000000000000e+02
8.200000000000000000e+01 2.200000000000000000e+02
8.000000000000000000e+01 2.190000000000000000e+02
8.000000000000000000e+01 2.190000000000000000e+02
8.000000000000000000e+01 2.190000000000000000e+02
7.900000000000000000e+01 2.180000000000000000e+02
7.800000000000000000e+01 2.170000000000000000e+02
7.800000000000000000e+01 2.170000000000000000e+02
7.700000000000000000e+01 2.160000000000000000e+02
7.600000000000000000e+01 2.140000000000000000e+02
7.600000000000000000e+01 2.140000000000000000e+02
7.600000000000000000e+01 2.140000000000000000e+02
7.500000000000000000e+01 2.130000000000000000e+02
7.500000000000000000e+01 2.120000000000000000e+02
7.500000000000000000e+01 2.120000000000000000e+02
7.500000000000000000e+01 2.120000000000000000e+02
7.500000000000000000e+01 2.120000000000000000e+02
7.500000000000000000e+01 2.120000000000000000e+02
7.200000000000000000e+01 2.110000000000000000e+02
7.200000000000000000e+01 2.110000000000000000e+02
7.200000000000000000e+01 2.110000000000000000e+02
7.200000000000000000e+01 2.110000000000000000e+02
7.200000000000000000e+01 2.110000000000000000e+02
7.200000000000000000e+01 2.110000000000000000e+02
7.200000000000000000e+01 2.110000000000000000e+02
7.200000000000000000e+01 2.120000000000000000e+02
1.000000000000000000e+02 2.210000000000000000e+02
1.510000000000000000e+02 2.100000000000000000e+02
2.990000000000000000e+02 1.230000000000000000e+02
3.080000000000000000e+02 2.220000000000000000e+02
4.380000000000000000e+02 1.290000000000000000e+02
4.677397849317387113e+02 1.706617204112602906e+02
4.669956815326354445e+02 1.696943859924260778e+02
4.662515781335321776e+02 1.687270515735918650e+02
4.655074747344289676e+02 1.677597171547576806e+02
4.647633713353257008e+02 1.667923827359234394e+02
4.640192679362224908e+02 1.658250483170892551e+02
4.632751645371192808e+02 1.648577138982550423e+02
4.625310611380160140e+02 1.638903794794208011e+02
4.617869577389128040e+02 1.629230450605866167e+02
4.610428543398095371e+02 1.619557106417524039e+02
4.602987509407063271e+02 1.609883762229182196e+02
4.595546475416030603e+02 1.600210418040840068e+02
4.588105441424997935e+02 1.590537073852497656e+02
4.580664407433965835e+02 1.580863729664155812e+02
7.180000000000000000e+02 2.410000000000000000e+02
6.740000000000000000e+02 1.480000000000000000e+02
7.160000000000000000e+02 2.640000000000000000e+02
7.840735658079263430e+02 2.432146254285051725e+02
6.864961843397439907e+02 2.752633548108959189e+02
7.740000000000000000e+02 1.500000000000000000e+02
7.640000000000000000e+02 2.980000000000000000e+02
7.480000000000000000e+02 1.490000000000000000e+02
7.750000000000000000e+02 2.170000000000000000e+02
6.830000000000000000e+02 1.960000000000000000e+02
7.190000000000000000e+02 2.350000000000000000e+02
7.840000000000000000e+02 2.890000000000000000e+02
8.210000000000000000e+02 2.460000000000000000e+02
6.786812901979744765e+02 2.266117302430380107e+02
7.890000000000000000e+02 1.340000000000000000e+02
6.723560533842099858e+02 1.797224976167613590e+02
7.490000000000000000e+02 1.930000000000000000e+02
8.055050637436224861e+02 2.096409627070578949e+02
6.700000000000000000e+02 2.970000000000000000e+02
8.060000000000000000e+02 1.870000000000000000e+02
7.050000000000000000e+02 2.350000000000000000e+02
6.340000000000000000e+02 1.620000000000000000e+02
7.820000000000000000e+02 2.300000000000000000e+02
7.350000000000000000e+02 1.330000000000000000e+02
6.360000000000000000e+02 2.270000000000000000e+02
8.040000000000000000e+02 2.910000000000000000e+02
6.940958512160228793e+02 1.800639008106819290e+02
7.350000000000000000e+02 2.140000000000000000e+02
8.090000000000000000e+02 1.960000000000000000e+02
7.190000000000000000e+02 3.050000000000000000e+02
7.130000000000000000e+02 2.240000000000000000e+02
7.150000000000000000e+02 2.230000000000000000e+02
7.150000000000000000e+02 2.230000000000000000e+02
7.150000000000000000e+02 2.230000000000000000e+02
7.150000000000000000e+02 2.230000000000000000e+02
7.150000000000000000e+02 2.230000000000000000e+02
7.150000000000000000e+02 2.230000000000000000e+02
7.150000000000000000e+02 2.230000000000000000e+02
7.150000000000000000e+02 2.230000000000000000e+02
7.150000000000000000e+02 2.230000000000000000e+02
7.150000000000000000e+02 2.230000000000000000e+02
7.169006026927459061e+02 2.210993973072540939e+02
7.193044412196906023e+02 2.186955587803093977e+02
7.210000000000000000e+02 2.180000000000000000e+02
7.230000000000000000e+02 2.160000000000000000e+02
7.230000000000000000e+02 2.160000000000000000e+02
7.230000000000000000e+02 2.160000000000000000e+02
7.230000000000000000e+02 2.160000000000000000e+02
7.230000000000000000e+02 2.160000000000000000e+02
7.230000000000000000e+02 2.160000000000000000e+02
7.230000000000000000e+02 2.160000000000000000e+02
7.270000000000000000e+02 2.150000000000000000e+02
7.300000000000000000e+02 2.130000000000000000e+02
7.320000000000000000e+02 2.120000000000000000e+02
7.340000000000000000e+02 2.110000000000000000e+02
7.340000000000000000e+02 2.110000000000000000e+02
7.340000000000000000e+02 2.110000000000000000e+02
7.340000000000000000e+02 2.110000000000000000e+02
7.340000000000000000e+02 2.110000000000000000e+02
7.340000000000000000e+02 2.110000000000000000e+02
7.340000000000000000e+02 2.090000000000000000e+02
7.340000000000000000e+02 2.090000000000000000e+02
7.340000000000000000e+02 2.090000000000000000e+02
7.340000000000000000e+02 2.090000000000000000e+02
7.340000000000000000e+02 2.090000000000000000e+02
7.340000000000000000e+02 2.090000000000000000e+02
7.350000000000000000e+02 2.080000000000000000e+02
7.380000000000000000e+02 2.070000000000000000e+02
7.380000000000000000e+02 2.070000000000000000e+02
7.390000000000000000e+02 2.070000000000000000e+02
7.390000000000000000e+02 2.070000000000000000e+02
7.390000000000000000e+02 2.070000000000000000e+02
7.390000000000000000e+02 2.070000000000000000e+02
7.390000000000000000e+02 2.070000000000000000e+02
7.390000000000000000e+02 2.070000000000000000e+02
7.390000000000000000e+02 2.070000000000000000e+02
6.600000000000000000e+02 1.810000000000000000e+02
6.620000000000000000e+02 1.430000000000000000e+02
6.230000000000000000e+02 1.910000000000000000e+02
6.230000000000000000e+02 1.990000000000000000e+02
6.480000000000000000e+02 1.820000000000000000e+02
5.981927194860813870e+02 2.519250535331905780e+02
5.240000000000000000e+02 2.450000000000000000e+02
6.450000000000000000e+02 2.770000000000000000e+02
4.960000000000000000e+02 3.900000000000000000e+02
4.920000000000000000e+02 4.090000000000000000e+02
4.750000000000000000e+02 4.150000000000000000e+02
4.730000000000000000e+02 3.350000000000000000e+02
4.550000000000000000e+02 3.480000000000000000e+02
4.290000000000000000e+02 3.670000000000000000e+02
4.140000000000000000e+02 3.760000000000000000e+02
4.050000000000000000e+02 3.840000000000000000e+02
3.964657612580407431e+02 3.915342387419592569e+02
3.840000000000000000e+02 4.020000000000000000e+02
3.720000000000000000e+02 4.130000000000000000e+02
3.660000000000000000e+02 4.190000000000000000e+02
3.550000000000000000e+02 4.290000000000000000e+02
3.470000000000000000e+02 4.400000000000000000e+02
3.410000000000000000e+02 4.500000000000000000e+02
3.380000000000000000e+02 4.550000000000000000e+02
3.340000000000000000e+02 4.630000000000000000e+02
3.320000000000000000e+02 4.670000000000000000e+02
3.320000000000000000e+02 4.670000000000000000e+02
3.320000000000000000e+02 4.670000000000000000e+02
3.330000000000000000e+02 4.670000000000000000e+02
3.350000000000000000e+02 4.670000000000000000e+02
3.420000000000000000e+02 4.650000000000000000e+02
3.450000000000000000e+02 4.630000000000000000e+02
3.390000000000000000e+02 5.620000000000000000e+02
2.800000000000000000e+02 5.130000000000000000e+02
4.040000000000000000e+02 4.220000000000000000e+02
3.480000000000000000e+02 4.960000000000000000e+02
3.480000000000000000e+02 4.960000000000000000e+02
3.480000000000000000e+02 4.960000000000000000e+02
3.480000000000000000e+02 4.960000000000000000e+02
3.480000000000000000e+02 4.960000000000000000e+02
3.480000000000000000e+02 4.960000000000000000e+02
3.480000000000000000e+02 4.960000000000000000e+02
3.460000000000000000e+02 4.940000000000000000e+02
3.460000000000000000e+02 4.920000000000000000e+02
3.460000000000000000e+02 4.920000000000000000e+02
3.450000000000000000e+02 4.870000000000000000e+02
3.450000000000000000e+02 4.860000000000000000e+02
3.450000000000000000e+02 4.860000000000000000e+02
3.440000000000000000e+02 4.790000000000000000e+02
3.440000000000000000e+02 4.780000000000000000e+02
3.440000000000000000e+02 4.780000000000000000e+02
3.440000000000000000e+02 4.780000000000000000e+02
3.420000000000000000e+02 4.770000000000000000e+02
3.420000000000000000e+02 4.760000000000000000e+02
3.400000000000000000e+02 4.760000000000000000e+02
3.400000000000000000e+02 4.760000000000000000e+02
3.400000000000000000e+02 4.760000000000000000e+02
3.400000000000000000e+02 4.760000000000000000e+02
3.400000000000000000e+02 4.760000000000000000e+02
3.400000000000000000e+02 4.740000000000000000e+02
3.400000000000000000e+02 4.740000000000000000e+02
3.400000000000000000e+02 4.740000000000000000e+02
3.400000000000000000e+02 4.730000000000000000e+02
3.400000000000000000e+02 4.729211786020779300e+02
3.400000000000000000e+02 4.690000000000000000e+02
3.400000000000000000e+02 4.680000000000000000e+02
3.400000000000000000e+02 4.660000000000000000e+02
3.400000000000000000e+02 4.660000000000000000e+02
3.400000000000000000e+02 4.660000000000000000e+02
3.400000000000000000e+02 4.660000000000000000e+02
3.400000000000000000e+02 4.660000000000000000e+02
3.400000000000000000e+02 4.660000000000000000e+02
3.400000000000000000e+02 4.660000000000000000e+02
3.410000000000000000e+02 4.660000000000000000e+02
3.410000000000000000e+02 4.660000000000000000e+02
3.410000000000000000e+02 4.660000000000000000e+02
3.410000000000000000e+02 4.660000000000000000e+02
3.220000000000000000e+02 4.670000000000000000e+02
2.822313528990502505e+02 4.448209019327001670e+02
2.500000000000000000e+02 4.180000000000000000e+02
2.290000000000000000e+02 4.000000000000000000e+02
2.060000000000000000e+02 3.850000000000000000e+02
1.690000000000000000e+02 3.610000000000000000e+02
1.300000000000000000e+02 3.380000000000000000e+02
1.110000000000000000e+02 3.250000000000000000e+02
1.050000000000000000e+02 3.210000000000000000e+02
8.800000000000000000e+01 3.110000000000000000e+02
7.700000000000000000e+01 3.030000000000000000e+02
7.000000000000000000e+01 2.950000000000000000e+02
6.460543374641947878e+01 2.898027168732097607e+02
5.600000000000000000e+01 2.840000000000000000e+02
5.247211948790684488e+01 2.798240398293023077e+02
4.400000000000000000e+01 2.750000000000000000e+02
3.900000000000000000e+01 2.720000000000000000e+02
3.600000000000000000e+01 2.700000000000000000e+02
3.000000000000000000e+01 2.670000000000000000e+02
2.800000000000000000e+01 2.640000000000000000e+02
2.400000000000000000e+01 2.610000000000000000e+02
2.200000000000000000e+01 2.590000000000000000e+02
2.100000000000000000e+01 2.560000000000000000e+02
1.900000000000000000e+01 2.539017389232968185e+02
1.900000000000000000e+01 2.530000000000000000e+02
1.900000000000000000e+01 2.530000000000000000e+02
1.900000000000000000e+01 2.530000000000000000e+02
1.900000000000000000e+01 2.530000000000000000e+02
1.900000000000000000e+01 2.530000000000000000e+02
1.900000000000000000e+01 2.530000000000000000e+02
1.700000000000000000e+01 2.490000000000000000e+02
1.700000000000000000e+01 2.480000000000000000e+02
1.700000000000000000e+01 2.480000000000000000e+02
1.700000000000000000e+01 2.480000000000000000e+02
1.705358567807405734e+01 2.481120427814275615e+02
1.756919146257866871e+01 2.491901276035735862e+02
1.808479724708328362e+01 2.502682124257195824e+02
1.860040303158789854e+01 2.513462972478656070e+02
1.911600881609247438e+01 2.524243820700115464e+02
1.963161460059708929e+01 2.535024668921575426e+02
2.014722038510170421e+01 2.545805517143035672e+02
2.066282616960631913e+01 2.556586365364495634e+02
2.117843195411093049e+01 2.567367213585955596e+02
2.169403773861550988e+01 2.578148061807415274e+02
2.220964352312012124e+01 2.588928910028875521e+02
2.272524930762473616e+01 2.599709758250335199e+02
2.324085509212935108e+01 2.610490606471795445e+02
2.375646087663396600e+01 2.621271454693255691e+02
2.427206666113854183e+01 2.632052302914714801e+02
2.478767244564315675e+01 2.642833151136175047e+02
2.530327823014776811e+01 2.653613999357635294e+02
2.581888401465238303e+01 2.664394847579095540e+02
2.633448979915699795e+01 2.675175695800555218e+02
2.685009558366157734e+01 2.685956544022014896e+02
2.736570136816618870e+01 2.696737392243475142e+02
2.788130715267080362e+01 2.707518240464934820e+02
8.600000000000000000e+01 3.400000000000000000e+02
-3.400000000000000000e+01 3.240000000000000000e+02
2.800000000000000000e+01 2.010000000000000000e+02
-7.100000000000000000e+01 3.390000000000000000e+02
6.000000000000000000e+00 1.620000000000000000e+02
1.420000000000000000e+02 3.270000000000000000e+02
2.480000000000000000e+02 2.690000000000000000e+02
3.800000000000000000e+02 3.450000000000000000e+02
3.302023866347666399e+02 2.144509785202245098e+02
3.470000000000000000e+02 2.580000000000000000e+02
4.068754905457905693e+02 2.285879414912115237e+02
4.740000000000000000e+02 3.700000000000000000e+02
3.310000000000000000e+02 3.050000000000000000e+02
5.150000000000000000e+02 3.410000000000000000e+02
4.420000000000000000e+02 2.710000000000000000e+02
4.590000000000000000e+02 2.730000000000000000e+02
4.700000000000000000e+02 2.750000000000000000e+02
4.830000000000000000e+02 2.800000000000000000e+02
4.830000000000000000e+02 2.800000000000000000e+02
4.894888571768357792e+02 2.812444285884178612e+02
5.040000000000000000e+02 2.870000000000000000e+02
5.090000000000000000e+02 2.880000000000000000e+02
5.100000000000000000e+02 2.890000000000000000e+02
5.190000000000000000e+02 2.930000000000000000e+02
5.270000000000000000e+02 2.980000000000000000e+02
5.350000000000000000e+02 3.040000000000000000e+02
5.410000000000000000e+02 3.080000000000000000e+02
5.430000000000000000e+02 3.100000000000000000e+02
5.450000000000000000e+02 3.120000000000000000e+02
5.470000000000000000e+02 3.120000000000000000e+02
5.520000000000000000e+02 3.130000000000000000e+02
5.520000000000000000e+02 3.130000000000000000e+02
5.520000000000000000e+02 3.130000000000000000e+02
5.520000000000000000e+02 3.130000000000000000e+02
5.520000000000000000e+02 3.130000000000000000e+02
5.520000000000000000e+02 3.130000000000000000e+02
5.520000000000000000e+02 3.130000000000000000e+02
5.530000000000000000e+02 3.130000000000000000e+02
5.530000000000000000e+02 3.130000000000000000e+02
5.530000000000000000e+02 3.130000000000000000e+02
5.530000000000000000e+02 3.130000000000000000e+02
5.530000000000000000e+02 3.130000000000000000e+02
5.530000000000000000e+02 3.130000000000000000e+02
5.530000000000000000e+02 3.130000000000000000e+02
5.530000000000000000e+02 3.130000000000000000e+02
5.580000000000000000e+02 3.150000000000000000e+02
5.850000000000000000e+02 3.320000000000000000e+02
6.250000000000000000e+02 3.730000000000000000e+02
6.350000000000000000e+02 3.980000000000000000e+02
6.460000000000000000e+02 4.260000000000000000e+02
6.465287792494298174e+02 4.286438962471489731e+02
6.580000000000000000e+02 4.590000000000000000e+02
6.530000000000000000e+02 4.560000000000000000e+02
6.620000000000000000e+02 4.700000000000000000e+02
6.709247785492008234e+02 4.833871678238012919e+02
6.080000000000000000e+02 4.840000000000000000e+02
6.480000000000000000e+02 5.800000000000000000e+02
7.340000000000000000e+02 5.530000000000000000e+02
6.680000000000000000e+02 6.130000000000000000e+02
7.950000000000000000e+02 5.910000000000000000e+02
8.350000000000000000e+02 5.040000000000000000e+02
8.211641158464517503e+02 6.236356722391617495e+02
6.840000000000000000e+02 5.490000000000000000e+02
7.316314136125803316e+02 6.043696335077441972e+02
8.470000000000000000e+02 6.650000000000000000e+02
7.562836729913747149e+02 6.771404075896497261e+02
7.770000000000000000e+02 6.300000000000000000e+02
7.780000000000000000e+02 6.310000000000000000e+02
7.780000000000000000e+02 6.310000000000000000e+02
7.790000000000000000e+02 6.320000000000000000e+02
7.790000000000000000e+02 6.320000000000000000e+02
7.790000000000000000e+02 6.320000000000000000e+02
7.790000000000000000e+02 6.320000000000000000e+02
7.790000000000000000e+02 6.320000000000000000e+02
7.790000000000000000e+02 6.320000000000000000e+02
7.820000000000000000e+02 6.320000000000000000e+02
7.870000000000000000e+02 6.300000000000000000e+02
7.870000000000000000e+02 6.300000000000000000e+02
7.870000000000000000e+02 6.300000000000000000e+02
7.870000000000000000e+02 6.300000000000000000e+02
7.870000000000000000e+02 6.290000000000000000e+02
7.870000000000000000e+02 6.280000000000000000e+02
7.870000000000000000e+02 6.280000000000000000e+02
7.870000000000000000e+02 6.250000000000000000e+02
7.860000000000000000e+02 6.230000000000000000e+02
7.860000000000000000e+02 6.230000000000000000e+02
7.860000000000000000e+02 6.230000000000000000e+02
7.860000000000000000e+02 6.230000000000000000e+02
7.860000000000000000e+02 6.230000000000000000e+02
7.860000000000000000e+02 6.230000000000000000e+02
7.860000000000000000e+02 6.230000000000000000e+02
7.860000000000000000e+02 6.230000000000000000e+02
7.860000000000000000e+02 6.230000000000000000e+02
7.860000000000000000e+02 6.230000000000000000e+02
7.860000000000000000e+02 6.230000000000000000e+02
7.850000000000000000e+02 6.210000000000000000e+02
7.850000000000000000e+02 6.200000000000000000e+02
7.850000000000000000e+02 6.200000000000000000e+02
7.850000000000000000e+02 6.200000000000000000e+02
7.850000000000000000e+02 6.200000000000000000e+02
7.850000000000000000e+02 6.200000000000000000e+02
7.850000000000000000e+02 6.200000000000000000e+02
7.850000000000000000e+02 6.200000000000000000e+02
7.850000000000000000e+02 6.200000000000000000e+02
7.850000000000000000e+02 6.200000000000000000e+02
7.850000000000000000e+02 6.200000000000000000e+02
7.850000000000000000e+02 6.200000000000000000e+02
7.850000000000000000e+02 6.200000000000000000e+02
6.590000000000000000e+02 5.300000000000000000e+02
6.320000000000000000e+02 5.130000000000000000e+02
6.040000000000000000e+02 4.920000000000000000e+02
5.690000000000000000e+02 4.680000000000000000e+02
5.460000000000000000e+02 4.530000000000000000e+02
5.200000000000000000e+02 4.340000000000000000e+02
4.960296021092965475e+02 4.194177612655778944e+02
4.710000000000000000e+02 4.010000000000000000e+02
4.468636705882268529e+02 3.849318352941134549e+02
4.140000000000000000e+02 3.680000000000000000e+02
3.810000000000000000e+02 3.440000000000000000e+02
3.480000000000000000e+02 3.190000000000000000e+02
3.140000000000000000e+02 2.960000000000000000e+02
2.940000000000000000e+02 2.800000000000000000e+02
2.630000000000000000e+02 2.550000000000000000e+02
2.490848831664264651e+02 2.432679065331411721e+02
2.190000000000000000e+02 2.220000000000000000e+02
1.956081354338093377e+02 2.068040677169046546e+02
1.830000000000000000e+02 1.970000000000000000e+02
1.644547358622294553e+02 1.822273679311147419e+02
1.510000000000000000e+02 1.730000000000000000e+02
1.380000000000000000e+02 1.640000000000000000e+02
1.217336224430585645e+02 1.530000000000000000e+02
1.190000000000000000e+02 1.500000000000000000e+02
1.020000000000000000e+02 1.420000000000000000e+02
8.300000000000000000e+01 1.330000000000000000e+02
7.680409122971950353e+01 1.300000000000000000e+02
7.500000000000000000e+01 1.290000000000000000e+02
6.931222261359494041e+01 1.226244452271898808e+02
6.500000000000000000e+01 1.170000000000000000e+02
6.500000000000000000e+01 1.166195110024442556e+02
6.200000000000000000e+01 1.140000000000000000e+02
5.900000000000000000e+01 1.100000000000000000e+02
5.800000000000000000e+01 1.090000000000000000e+02
5.600000000000000000e+01 1.090000000000000000e+02
5.500000000000000000e+01 1.080000000000000000e+02
5.400000000000000000e+01 1.070000000000000000e+02
5.400000000000000000e+01 1.070000000000000000e+02
5.400000000000000000e+01 1.070000000000000000e+02
5.400000000000000000e+01 1.070000000000000000e+02
5.500000000000000000e+01 1.070000000000000000e+02
5.800000000000000000e+01 1.070000000000000000e+02
5.800000000000000000e+01 1.080000000000000000e+02
6.000000000000000000e+01 1.080000000000000000e+02
6.500000000000000000e+01 1.090000000000000000e+02
6.500000000000000000e+01 1.090000000000000000e+02
6.500000000000000000e+01 1.090000000000000000e+02
6.500000000000000000e+01 1.090000000000000000e+02
6.500000000000000000e+01 1.090000000000000000e+02
6.500000000000000000e+01 1.090000000000000000e+02
6.500000000000000000e+01 1.090000000000000000e+02
6.400000000000000000e+01 1.090000000000000000e+02
6.300000000000000000e+01 1.090000000000000000e+02
6.300000000000000000e+01 1.090000000000000000e+02
6.300000000000000000e+01 1.090000000000000000e+02
6.300000000000000000e+01 1.090000000000000000e+02
6.300000000000000000e+01 1.090000000000000000e+02
6.300000000000000000e+01 1.090000000000000000e+02
6.300000000000000000e+01 1.090000000000000000e+02
6.300000000000000000e+01 1.090000000000000000e+02
6.300000000000000000e+01 1.090000000000000000e+02
6.300000000000000000e+01 1.090000000000000000e+02
6.400000000000000000e+01 1.090000000000000000e+02
6.900000000000000000e+01 1.100000000000000000e+02
7.300000000000000000e+01 1.180000000000000000e+02
8.600000000000000000e+01 1.400000000000000000e+02
9.600000000000000000e+01 1.760000000000000000e+02
1.000000000000000000e+02 2.300000000000000000e+02
1.030000000000000000e+02 2.560000000000000000e+02
1.090000000000000000e+02 2.820000000000000000e+02
1.150000000000000000e+02 3.080000000000000000e+02
1.200000000000000000e+02 3.550000000000000000e+02
1.230000000000000000e+02 4.029640042347888880e+02
1.200000000000000000e+02 4.500000000000000000e+02
1.120000000000000000e+02 4.830000000000000000e+02
1.010000000000000000e+02 5.110000000000000000e+02
8.800000000000000000e+01 5.420000000000000000e+02
8.600000000000000000e+01 5.560000000000000000e+02
8.600000000000000000e+01 5.650597294799116526e+02
8.600000000000000000e+01 5.651933238246365363e+02
8.600000000000000000e+01 5.653269181693614200e+02
8.600000000000000000e+01 5.654605125140863038e+02
8.600000000000000000e+01 5.655941068588111875e+02
8.600000000000000000e+01 5.657277012035360713e+02
8.600000000000000000e+01 5.658612955482608413e+02
8.600000000000000000e+01 5.659948898929857251e+02
1.570000000000000000e+02 8.000000000000000000e+02
1.497940166745482848e+01 7.092391368318358218e+02
1.820000000000000000e+02 7.320000000000000000e+02
1.201540383014154827e+02 7.652038777209468208e+02
1.330000000000000000e+02 7.050000000000000000e+02
8.600000000000000000e+01 7.780000000000000000e+02
1.680000000000000000e+02 7.250000000000000000e+02
1.590000000000000000e+02 6.600000000000000000e+02
9.000000000000000000e+00 7.110000000000000000e+02
1.910000000000000000e+02 7.920000000000000000e+02
6.600000000000000000e+01 7.460000000000000000e+02
1.460000000000000000e+02 8.150000000000000000e+02
1.011255288464088835e+02 7.038430769232603552e+02
9.300000000000000000e+01 7.730000000000000000e+02
9.300000000000000000e+01 7.780000000000000000e+02
9.300000000000000000e+01 7.780000000000000000e+02
9.300000000000000000e+01 7.780000000000000000e+02
9.300000000000000000e+01 7.780000000000000000e+02
9.300000000000000000e+01 7.780000000000000000e+02
9.300000000000000000e+01 7.780000000000000000e+02
9.300000000000000000e+01 7.780000000000000000e+02
9.300000000000000000e+01 7.780000000000000000e+02
9.300000000000000000e+01 7.780000000000000000e+02
9.300000000000000000e+01 7.780000000000000000e+02
9.300000000000000000e+01 7.780000000000000000e+02
9.300000000000000000e+01 7.700000000000000000e+02
9.300000000000000000e+01 7.700000000000000000e+02
9.300000000000000000e+01 7.700000000000000000e+02
9.300000000000000000e+01 7.700000000000000000e+02
9.300000000000000000e+01 7.700000000000000000e+02
9.300000000000000000e+01 7.700000000000000000e+02
9.400000000000000000e+01 7.700000000000000000e+02
9.500000000000000000e+01 7.700000000000000000e+02
9.600000000000000000e+01 7.700000000000000000e+02
9.600000000000000000e+01 7.700000000000000000e+02
9.600000000000000000e+01 7.700000000000000000e+02
9.700000000000000000e+01 7.700000000000000000e+02
9.700000000000000000e+01 7.690000000000000000e+02
9.700000000000000000e+01 7.650000000000000000e+02
9.700000000000000000e+01 7.650000000000000000e+02
9.600000000000000000e+01 7.650000000000000000e+02
9.600000000000000000e+01 7.650000000000000000e+02
9.600000000000000000e+01 7.640000000000000000e+02
9.600000000000000000e+01 7.640000000000000000e+02
9.600000000000000000e+01 7.640000000000000000e+02
9.600000000000000000e+01 7.640000000000000000e+02
9.600000000000000000e+01 7.640000000000000000e+02
9.600000000000000000e+01 7.640000000000000000e+02
9.600000000000000000e+01 7.640000000000000000e+02
9.600000000000000000e+01 7.640000000000000000e+02
9.600000000000000000e+01 7.640000000000000000e+02
9.600000000000000000e+01 7.640000000000000000e+02
3.850000000000000000e+02 5.200000000000000000e+02
2.420000000000000000e+02 4.240000000000000000e+02
2.747864313822502140e+02 5.341365208061052954e+02
3.680000000000000000e+02 3.940000000000000000e+02
3.525660067940744398e+02 4.496694623404620188e+02
3.180000000000000000e+02 5.080000000000000000e+02
4.270000000000000000e+02 3.810000000000000000e+02
4.880000000000000000e+02 3.440000000000000000e+02
4.080000000000000000e+02 3.780000000000000000e+02
4.190000000000000000e+02 3.630000000000000000e+02
4.350000000000000000e+02 3.420000000000000000e+02
4.530000000000000000e+02 3.190000000000000000e+02
4.690000000000000000e+02 2.990000000000000000e+02
4.812714461085253674e+02 2.825928308372119204e+02
4.940000000000000000e+02 2.630000000000000000e+02
5.040000000000000000e+02 2.470000000000000000e+02
5.170000000000000000e+02 2.290000000000000000e+02
5.340000000000000000e+02 2.110000000000000000e+02
5.450000000000000000e+02 1.970000000000000000e+02
5.510000000000000000e+02 1.900000000000000000e+02
5.580000000000000000e+02 1.790000000000000000e+02
5.680000000000000000e+02 1.630000000000000000e+02
5.704846675412676404e+02 1.575459973761971355e+02
5.730000000000000000e+02 1.510000000000000000e+02
5.730000000000000000e+02 1.450000000000000000e+02
5.730000000000000000e+02 1.400000000000000000e+02
5.730000000000000000e+02 1.390000000000000000e+02
5.730000000000000000e+02 1.390000000000000000e+02
5.730000000000000000e+02 1.390000000000000000e+02
5.730000000000000000e+02 1.390000000000000000e+02
5.730000000000000000e+02 1.390000000000000000e+02
5.730000000000000000e+02 1.390000000000000000e+02
5.750000000000000000e+02 1.380000000000000000e+02
5.770000000000000000e+02 1.370000000000000000e+02
5.780000000000000000e+02 1.370000000000000000e+02
5.780000000000000000e+02 1.370000000000000000e+02
5.780000000000000000e+02 1.370000000000000000e+02
5.780000000000000000e+02 1.370000000000000000e+02
5.780000000000000000e+02 1.370000000000000000e+02
5.780000000000000000e+02 1.370000000000000000e+02
5.780000000000000000e+02 1.370000000000000000e+02
5.780000000000000000e+02 1.370000000000000000e+02
5.780000000000000000e+02 1.370000000000000000e+02
5.770000000000000000e+02 1.390000000000000000e+02
5.740000000000000000e+02 1.430000000000000000e+02
5.660000000000000000e+02 1.500000000000000000e+02
5.568166586883676246e+02 1.591833413116323470e+02
5.500000000000000000e+02 1.700000000000000000e+02
5.490000000000000000e+02 1.750000000000000000e+02
5.556966630578813238e+02 1.736978710720786410e+02
5.702146538545122212e+02 1.708749284171781824e+02
5.847326446511431186e+02 1.680519857622777238e+02
5.992506354477760624e+02 1.652290431073768673e+02
6.137686262444069598e+02 1.624061004524764371e+02
5.980000000000000000e+02 9.100000000000000000e+01
7.298833941162110932e+02 1.600406029663061531e+02
6.170000000000000000e+02 1.770000000000000000e+02
5.693558998814072538e+02 8.277334922557081143e+01
5.380000000000000000e+02 2.340000000000000000e+02
6.337914243467691904e+02 9.740344997557470208e+01
5.520000000000000000e+02 1.390000000000000000e+02
6.970000000000000000e+02 2.430000000000000000e+02
5.660000000000000000e+02 1.920000000000000000e+02
6.310000000000000000e+02 1.620000000000000000e+02
6.310000000000000000e+02 1.620000000000000000e+02
6.310000000000000000e+02 1.620000000000000000e+02
6.310000000000000000e+02 1.620000000000000000e+02
6.310000000000000000e+02 1.620000000000000000e+02
6.310000000000000000e+02 1.620000000000000000e+02
6.300000000000000000e+02 1.610000000000000000e+02
6.300000000000000000e+02 1.610000000000000000e+02
6.300000000000000000e+02 1.610000000000000000e+02
6.290000000000000000e+02 1.600000000000000000e+02
6.290000000000000000e+02 1.590000000000000000e+02
6.290000000000000000e+02 1.570000000000000000e+02
6.290000000000000000e+02 1.570000000000000000e+02
6.290000000000000000e+02 1.570000000000000000e+02
6.290000000000000000e+02 1.570000000000000000e+02
6.290000000000000000e+02 1.530000000000000000e+02
6.290000000000000000e+02 1.520000000000000000e+02
6.290000000000000000e+02 1.520000000000000000e+02
6.260000000000000000e+02 1.520000000000000000e+02
6.260000000000000000e+02 1.520000000000000000e+02
6.260000000000000000e+02 1.510000000000000000e+02
6.260000000000000000e+02 1.510000000000000000e+02
6.250000000000000000e+02 1.470000000000000000e+02
6.250000000000000000e+02 1.470000000000000000e+02
6.250000000000000000e+02 1.470000000000000000e+02
6.250000000000000000e+02 1.470000000000000000e+02
6.250000000000000000e+02 1.470000000000000000e+02
6.250000000000000000e+02 1.470000000000000000e+02
6.250000000000000000e+02 1.470000000000000000e+02
6.250000000000000000e+02 1.470000000000000000e+02
6.250000000000000000e+02 1.470000000000000000e+02
6.250000000000000000e+02 1.470000000000000000e+02
6.250000000000000000e+02 1.470000000000000000e+02
6.360000000000000000e+02 2.200000000000000000e+02
5.510000000000000000e+02 2.020000000000000000e+02
4.610000000000000000e+02 2.700000000000000000e+02
6.010000000000000000e+02 1.860000000000000000e+02
5.100000000000000000e+02 1.200000000000000000e+02
5.560000000000000000e+02 2.120000000000000000e+02
5.050000000000000000e+02 3.070000000000000000e+02
4.340000000000000000e+02 1.980000000000000000e+02
4.047217653429694337e+02 2.027420207825398393e+02
4.565535894723661841e+02 3.403100223241170852e+02
4.710000000000000000e+02 2.070000000000000000e+02
4.330000000000000000e+02 2.880000000000000000e+02
3.520000000000000000e+02 2.040000000000000000e+02
2.470000000000000000e+02 2.950000000000000000e+02
2.460000000000000000e+02 3.260000000000000000e+02
1.920000000000000000e+02 3.320000000000000000e+02
3.420000000000000000e+02 4.140000000000000000e+02
2.930000000000000000e+02 4.270000000000000000e+02
1.540000000000000000e+02 4.250000000000000000e+02
2.290000000000000000e+02 3.960000000000000000e+02
2.203509902171319368e+02 4.757456454306848173e+02
2.610000000000000000e+02 3.800000000000000000e+02
1.560000000000000000e+02 4.390000000000000000e+02
1.460000000000000000e+02 4.490000000000000000e+02
1.330000000000000000e+02 4.610000000000000000e+02
1.250000000000000000e+02 4.700000000000000000e+02
1.160000000000000000e+02 4.780000000000000000e+02
1.110000000000000000e+02 4.860000000000000000e+02
1.040000000000000000e+02 4.910000000000000000e+02
9.700000000000000000e+01 4.980000000000000000e+02
8.700000000000000000e+01 5.070000000000000000e+02
7.900000000000000000e+01 5.140000000000000000e+02
7.400000000000000000e+01 5.200000000000000000e+02
6.500000000000000000e+01 5.290000000000000000e+02
5.700000000000000000e+01 5.370000000000000000e+02
5.264877730151298607e+01 5.427024453969739852e+02
5.206086383655110694e+01 5.438782723268977861e+02
5.300000000000000000e+01 6.290000000000000000e+02
8.200000000000000000e+01 6.590000000000000000e+02
2.900000000000000000e+01 5.880000000000000000e+02
1.350000000000000000e+02 6.020000000000000000e+02
1.110000000000000000e+02 6.390000000000000000e+02
-2.200000000000000000e+01 5.210000000000000000e+02
3.300000000000000000e+01 6.280000000000000000e+02
3.600000000000000000e+01 5.810000000000000000e+02
3.500000000000000000e+01 5.780000000000000000e+02
3.500000000000000000e+01 5.740000000000000000e+02
3.500000000000000000e+01 5.730000000000000000e+02
3.500000000000000000e+01 5.730000000000000000e+02
3.500000000000000000e+01 5.730000000000000000e+02
3.500000000000000000e+01 5.730000000000000000e+02
3.500000000000000000e+01 5.730000000000000000e+02
3.500000000000000000e+01 5.730000000000000000e+02
3.500000000000000000e+01 5.730000000000000000e+02
3.500000000000000000e+01 5.730000000000000000e+02
3.400000000000000000e+01 5.730000000000000000e+02
3.400000000000000000e+01 5.730000000000000000e+02
3.300000000000000000e+01 5.730000000000000000e+02
3.300000000000000000e+01 5.730000000000000000e+02
3.300000000000000000e+01 5.730000000000000000e+02
3.300000000000000000e+01 5.730000000000000000e+02
3.300000000000000000e+01 5.710000000000000000e+02
3.300000000000000000e+01 5.710000000000000000e+02
3.300000000000000000e+01 5.710000000000000000e+02
3.300000000000000000e+01 5.710000000000000000e+02
3.300000000000000000e+01 5.710000000000000000e+02
3.300000000000000000e+01 5.710000000000000000e+02
3.400000000000000000e+01 5.710000000000000000e+02
3.500000000000000000e+01 5.700000000000000000e+02
4.200000000000000000e+01 5.650000000000000000e+02
4.900000000000000000e+01 5.620000000000000000e+02
7.200000000000000000e+01 5.430000000000000000e+02
1.404771925643605073e+02 4.958014775977050022e+02
1.770000000000000000e+02 4.710000000000000000e+02
2.010000000000000000e+02 4.510000000000000000e+02
2.190000000000000000e+02 4.400000000000000000e+02
2.330000000000000000e+02 4.300000000000000000e+02
2.470000000000000000e+02 4.170000000000000000e+02
2.720000000000000000e+02 4.000000000000000000e+02
2.930000000000000000e+02 3.850000000000000000e+02
3.160000000000000000e+02 3.660000000000000000e+02
3.420000000000000000e+02 3.460000000000000000e+02
3.740000000000000000e+02 3.170000000000000000e+02
4.170000000000000000e+02 2.810000000000000000e+02
4.420000000000000000e+02 2.610000000000000000e+02
4.690000000000000000e+02 2.430000000000000000e+02
4.880000000000000000e+02 2.310000000000000000e+02
5.140000000000000000e+02 2.100000000000000000e+02
5.350000000000000000e+02 1.970000000000000000e+02
5.540000000000000000e+02 1.830000000000000000e+02
5.742560790101033490e+02 1.664950467325084276e+02
5.680000000000000000e+02 1.440000000000000000e+02
5.671636903292024954e+02 1.677798169676823647e+02
5.740000000000000000e+02 2.240000000000000000e+02
6.010000000000000000e+02 1.390000000000000000e+02
6.500000000000000000e+02 9.900000000000000000e+01
7.130000000000000000e+02 6.900000000000000000e+01
6.011614879353667220e+02 5.283836530857900016e+01
6.230000000000000000e+02 1.700000000000000000e+01
6.590444117643377240e+02 1.346105882353642471e+02
7.140000000000000000e+02 9.900000000000000000e+01
7.060000000000000000e+02 1.750000000000000000e+02
5.480000000000000000e+02 1.510000000000000000e+02
6.750000000000000000e+02 1.910000000000000000e+02
6.770000000000000000e+02 7.600000000000000000e+01
7.300000000000000000e+02 1.230000000000000000e+02
7.130000000000000000e+02 1.400000000000000000e+01
6.450000000000000000e+02 1.220000000000000000e+02
6.470000000000000000e+02 1.210000000000000000e+02
6.470000000000000000e+02 1.210000000000000000e+02
6.470000000000000000e+02 1.210000000000000000e+02
6.470000000000000000e+02 1.210000000000000000e+02
6.450000000000000000e+02 1.240000000000000000e+02
6.440000000000000000e+02 1.250000000000000000e+02
6.440000000000000000e+02 1.250000000000000000e+02
6.440000000000000000e+02 1.250000000000000000e+02
6.440000000000000000e+02 1.250000000000000000e+02
6.440000000000000000e+02 1.250000000000000000e+02
6.440000000000000000e+02 1.250000000000000000e+02
6.460000000000000000e+02 1.210000000000000000e+02
6.470000000000000000e+02 1.200000000000000000e+02
6.470000000000000000e+02 1.200000000000000000e+02
6.470000000000000000e+02 1.200000000000000000e+02
6.478742189363281341e+02 1.200000000000000000e+02
6.480000000000000000e+02 1.180000000000000000e+02
6.480000000000000000e+02 1.180000000000000000e+02
6.490000000000000000e+02 1.170000000000000000e+02
6.490000000000000000e+02 1.170000000000000000e+02
6.490000000000000000e+02 1.170000000000000000e+02
6.490000000000000000e+02 1.170000000000000000e+02
6.490000000000000000e+02 1.170000000000000000e+02
6.490000000000000000e+02 1.170000000000000000e+02
6.490000000000000000e+02 1.170000000000000000e+02
6.490000000000000000e+02 1.170000000000000000e+02
6.490000000000000000e+02 1.170000000000000000e+02
6.490000000000000000e+02 1.170000000000000000e+02
6.490000000000000000e+02 1.170000000000000000e+02
6.490000000000000000e+02 1.170000000000000000e+02
6.490000000000000000e+02 1.170000000000000000e+02
6.490000000000000000e+02 1.170000000000000000e+02
6.490000000000000000e+02 1.180000000000000000e+02
6.480000000000000000e+02 1.210000000000000000e+02
6.540000000000000000e+02 1.260000000000000000e+02
7.772982832618309885e+02 1.572678111596623580e+02
7.980000000000000000e+02 1.390000000000000000e+02
8.050000000000000000e+02 1.390000000000000000e+02
6.210000000000000000e+02 1.580000000000000000e+02
8.090000000000000000e+02 1.100000000000000000e+02
6.993055216813561401e+02 1.676961814900179206e+02
7.467256650797100974e+02 2.067653914215233613e+02
8.197057286074974627e+02 1.446546990574489655e+02
7.260000000000000000e+02 2.540000000000000000e+02
7.940754707985470304e+02 1.649599046483653524e+02
6.890000000000000000e+02 2.340000000000000000e+02
7.200000000000000000e+02 3.280000000000000000e+02
8.010000000000000000e+02 1.460000000000000000e+02
7.610000000000000000e+02 3.160000000000000000e+02
7.680000000000000000e+02 2.380000000000000000e+02
7.700000000000000000e+02 2.390000000000000000e+02
7.760000000000000000e+02 2.420000000000000000e+02
7.780000000000000000e+02 2.430000000000000000e+02
7.820000000000000000e+02 2.460000000000000000e+02
7.870000000000000000e+02 2.500000000000000000e+02
7.921152396852010042e+02 2.531152396852009758e+02
8.000000000000000000e+02 2.590000000000000000e+02
8.040000000000000000e+02 2.630000000000000000e+02
8.100000000000000000e+02 2.680000000000000000e+02
8.170000000000000000e+02 2.770000000000000000e+02
8.210000000000000000e+02 2.840000000000000000e+02
8.300000000000000000e+02 2.930000000000000000e+02
8.360000000000000000e+02 3.000000000000000000e+02
8.380000000000000000e+02 3.040000000000000000e+02
8.400000000000000000e+02 3.060000000000000000e+02
8.410000000000000000e+02 3.070000000000000000e+02
8.410000000000000000e+02 3.090289426630125149e+02
8.410000000000000000e+02 3.110000000000000000e+02
8.410000000000000000e+02 3.110000000000000000e+02
8.410000000000000000e+02 3.140000000000000000e+02
8.410000000000000000e+02 3.140000000000000000e+02
8.410000000000000000e+02 3.140000000000000000e+02
8.410000000000000000e+02 3.140000000000000000e+02
8.410000000000000000e+02 3.140000000000000000e+02
8.410000000000000000e+02 3.140000000000000000e+02
8.410000000000000000e+02 3.140000000000000000e+02
8.410000000000000000e+02 3.140000000000000000e+02
8.410000000000000000e+02 3.140000000000000000e+02
8.410000000000000000e+02 3.143666666666667311e+02
8.410000000000000000e+02 3.148920632534648121e+02
8.410000000000000000e+02 3.150000000000000000e+02
8.410000000000000000e+02 3.150000000000000000e+02
8.410000000000000000e+02 3.150000000000000000e+02
8.410000000000000000e+02 3.150000000000000000e+02
8.410000000000000000e+02 3.150000000000000000e+02
8.410000000000000000e+02 3.150000000000000000e+02
8.410000000000000000e+02 3.150000000000000000e+02
8.410000000000000000e+02 3.150000000000000000e+02
8.410000000000000000e+02 3.150000000000000000e+02
8.410000000000000000e+02 3.150000000000000000e+02
8.330000000000000000e+02 3.090000000000000000e+02
8.316223246387688732e+02 3.080815497591792678e+02
8.300481816475886490e+02 3.070321210983924516e+02
6.530000000000000000e+02 1.730000000000000000e+02
6.490000000000000000e+02 1.840000000000000000e+02
5.890000000000000000e+02 2.170000000000000000e+02
6.400000000000000000e+02 2.690000000000000000e+02
5.730000000000000000e+02 2.360000000000000000e+02
6.640000000000000000e+02 1.650000000000000000e+02
6.537656666666659930e+02 1.565313333333319008e+02
5.700000000000000000e+02 1.070000000000000000e+02
6.380000000000000000e+02 1.920000000000000000e+02
6.170000000000000000e+02 1.490000000000000000e+02
6.090000000000000000e+02 1.450000000000000000e+02
6.040000000000000000e+02 1.420000000000000000e+02
6.020000000000000000e+02 1.390000000000000000e+02
6.000000000000000000e+02 1.370000000000000000e+02
5.990000000000000000e+02 1.340000000000000000e+02
5.980000000000000000e+02 1.330000000000000000e+02
5.980000000000000000e+02 1.330000000000000000e+02
5.980000000000000000e+02 1.320000000000000000e+02
5.980000000000000000e+02 1.300000000000000000e+02
5.952652282751222401e+02 1.292652282751221833e+02
5.940000000000000000e+02 1.270000000000000000e+02
5.920000000000000000e+02 1.250000000000000000e+02
5.920000000000000000e+02 1.250000000000000000e+02
5.920000000000000000e+02 1.250000000000000000e+02
5.920000000000000000e+02 1.250000000000000000e+02
5.920000000000000000e+02 1.250000000000000000e+02
5.920000000000000000e+02 1.250000000000000000e+02
5.920000000000000000e+02 1.250000000000000000e+02
5.920000000000000000e+02 1.250000000000000000e+02
5.920000000000000000e+02 1.240000000000000000e+02
5.910000000000000000e+02 1.230000000000000000e+02
5.900000000000000000e+02 1.210000000000000000e+02
5.900000000000000000e+02 1.210000000000000000e+02
5.900000000000000000e+02 1.210000000000000000e+02
5.900000000000000000e+02 1.210000000000000000e+02
5.900000000000000000e+02 1.210000000000000000e+02
5.900000000000000000e+02 1.210000000000000000e+02
5.900000000000000000e+02 1.210000000000000000e+02
5.900000000000000000e+02 1.210000000000000000e+02
5.900000000000000000e+02 1.210000000000000000e+02
5.900000000000000000e+02 1.210000000000000000e+02
5.900000000000000000e+02 1.210000000000000000e+02
5.900000000000000000e+02 1.210000000000000000e+02
5.900000000000000000e+02 1.210000000000000000e+02
5.900000000000000000e+02 1.210000000000000000e+02
5.900000000000000000e+02 1.210000000000000000e+02
5.900000000000000000e+02 1.210000000000000000e+02
5.870000000000000000e+02 1.250000000000000000e+02
5.840000000000000000e+02 1.350000000000000000e+02
5.790000000000000000e+02 1.540000000000000000e+02
5.770000000000000000e+02 1.765951971748213509e+02
5.760000000000000000e+02 1.920000000000000000e+02
5.760000000000000000e+02 2.009771174834658325e+02
5.670000000000000000e+02 3.130000000000000000e+02
5.340000000000000000e+02 2.630000000000000000e+02
4.800000000000000000e+02 2.030000000000000000e+02
6.540000000000000000e+02 3.270000000000000000e+02
4.970000000000000000e+02 3.180000000000000000e+02
6.080000000000000000e+02 2.790000000000000000e+02
5.672958283671036952e+02 2.858866507747318337e+02
5.510000000000000000e+02 4.210000000000000000e+02
6.690000000000000000e+02 3.650000000000000000e+02
5.930000000000000000e+02 4.150000000000000000e+02
5.940000000000000000e+02 4.190000000000000000e+02
5.940000000000000000e+02 4.230000000000000000e+02
5.970000000000000000e+02 4.440000000000000000e+02
5.990000000000000000e+02 4.560000000000000000e+02
6.010000000000000000e+02 4.660000000000000000e+02
6.010000000000000000e+02 4.790000000000000000e+02
6.030000000000000000e+02 5.050000000000000000e+02
6.030000000000000000e+02 5.240403993499162425e+02
6.030000000000000000e+02 5.440000000000000000e+02
6.030000000000000000e+02 5.541938920107559170e+02
6.030000000000000000e+02 5.630000000000000000e+02
6.010000000000000000e+02 5.850000000000000000e+02
6.010000000000000000e+02 5.870000000000000000e+02
6.010000000000000000e+02 5.990000000000000000e+02
6.070000000000000000e+02 6.210000000000000000e+02
6.160000000000000000e+02 6.400000000000000000e+02
6.200000000000000000e+02 6.630000000000000000e+02
6.200000000000000000e+02 6.630000000000000000e+02
6.270000000000000000e+02 6.918407725321931139e+02
6.310000000000000000e+02 7.010000000000000000e+02
6.320000000000000000e+02 7.030000000000000000e+02
6.320000000000000000e+02 7.030000000000000000e+02
6.410000000000000000e+02 7.050000000000000000e+02
6.440000000000000000e+02 7.080000000000000000e+02
6.450000000000000000e+02 7.080000000000000000e+02
6.520000000000000000e+02 7.090000000000000000e+02
6.520000000000000000e+02 7.100000000000000000e+02
6.530000000000000000e+02 7.100000000000000000e+02
6.570000000000000000e+02 7.100000000000000000e+02
6.600000000000000000e+02 7.090000000000000000e+02
6.660000000000000000e+02 7.050000000000000000e+02
6.699579361296472371e+02 7.040000000000000000e+02
6.700000000000000000e+02 7.040000000000000000e+02
6.700000000000000000e+02 7.040000000000000000e+02
6.700000000000000000e+02 7.040000000000000000e+02
6.700000000000000000e+02 7.040000000000000000e+02
6.690000000000000000e+02 7.040000000000000000e+02
6.680000000000000000e+02 7.040000000000000000e+02
6.680000000000000000e+02 7.040000000000000000e+02
6.680000000000000000e+02 7.040000000000000000e+02
6.680000000000000000e+02 7.040000000000000000e+02
6.680000000000000000e+02 7.040000000000000000e+02
6.660000000000000000e+02 7.040000000000000000e+02
6.660000000000000000e+02 7.050778456413104323e+02
6.660000000000000000e+02 7.057357199547019491e+02
6.650000000000000000e+02 7.080000000000000000e+02
6.650000000000000000e+02 7.080000000000000000e+02
6.650000000000000000e+02 7.080000000000000000e+02
6.650000000000000000e+02 7.080000000000000000e+02
6.650000000000000000e+02 7.080000000000000000e+02
6.650000000000000000e+02 7.080000000000000000e+02
6.650000000000000000e+02 7.080000000000000000e+02
6.650000000000000000e+02 7.080000000000000000e+02
6.600000000000000000e+02 7.050000000000000000e+02
6.490000000000000000e+02 6.830000000000000000e+02
6.330000000000000000e+02 6.650000000000000000e+02
6.290000000000000000e+02 6.680000000000000000e+02
6.150000000000000000e+02 6.850000000000000000e+02
6.060000000000000000e+02 7.030000000000000000e+02
6.000000000000000000e+02 7.220000000000000000e+02
5.980000000000000000e+02 7.390000000000000000e+02
5.950000000000000000e+02 7.520000000000000000e+02
5.915420946026429192e+02 7.727474323841423711e+02
5.910000000000000000e+02 7.960000000000000000e+02
5.940000000000000000e+02 8.140000000000000000e+02
5.950000000000000000e+02 8.220000000000000000e+02
5.990000000000000000e+02 8.340000000000000000e+02
5.990000000000000000e+02 8.420000000000000000e+02
5.990000000000000000e+02 8.470000000000000000e+02
5.990000000000000000e+02 8.480000000000000000e+02
5.990000000000000000e+02 8.480000000000000000e+02
5.990000000000000000e+02 8.480000000000000000e+02
5.990000000000000000e+02 8.480000000000000000e+02
6.010000000000000000e+02 8.470000000000000000e+02
6.010000000000000000e+02 8.470000000000000000e+02
6.010000000000000000e+02 8.470000000000000000e+02
6.010000000000000000e+02 8.470000000000000000e+02
6.010000000000000000e+02 8.470000000000000000e+02
6.020000000000000000e+02 8.460000000000000000e+02
6.030000000000000000e+02 8.460000000000000000e+02
6.040000000000000000e+02 8.450000000000000000e+02
6.040000000000000000e+02 8.450000000000000000e+02
6.040000000000000000e+02 8.450000000000000000e+02
6.040000000000000000e+02 8.450000000000000000e+02
6.040000000000000000e+02 8.430847885646161330e+02
6.010000000000000000e+02 8.210000000000000000e+02
5.708473539142328264e+02 7.352389361283873086e+02
4.450000000000000000e+02 6.810000000000000000e+02
4.800000000000000000e+02 7.570000000000000000e+02
4.330000000000000000e+02 5.860000000000000000e+02
4.820000000000000000e+02 7.420000000000000000e+02
4.400000000000000000e+02 6.500000000000000000e+02
4.230000000000000000e+02 6.380000000000000000e+02
4.110000000000000000e+02 6.310000000000000000e+02
3.960000000000000000e+02 6.190000000000000000e+02
3.841661655929315771e+02 6.101661655929315202e+02
3.790000000000000000e+02 6.040000000000000000e+02
3.710843212237051034e+02 5.961686424474102068e+02
3.622041987043649556e+02 5.895837788339284771e+02
3.550000000000000000e+02 5.840000000000000000e+02
3.540000000000000000e+02 5.820000000000000000e+02
3.510000000000000000e+02 5.810000000000000000e+02
3.470000000000000000e+02 5.790000000000000000e+02
3.460000000000000000e+02 5.780000000000000000e+02
3.450000000000000000e+02 5.780000000000000000e+02
3.420000000000000000e+02 5.770000000000000000e+02
3.420000000000000000e+02 5.770000000000000000e+02
3.420000000000000000e+02 5.770000000000000000e+02
3.420000000000000000e+02 5.770000000000000000e+02
3.420000000000000000e+02 5.770000000000000000e+02
3.420000000000000000e+02 5.770000000000000000e+02
3.420000000000000000e+02 5.750000000000000000e+02
3.420000000000000000e+02 5.750000000000000000e+02
3.420000000000000000e+02 5.750000000000000000e+02
3.420000000000000000e+02 5.750000000000000000e+02
3.420000000000000000e+02 5.750000000000000000e+02
3.420000000000000000e+02 5.750000000000000000e+02
3.420000000000000000e+02 5.710841201716696105e+02
3.420000000000000000e+02 5.710000000000000000e+02
3.420000000000000000e+02 5.710000000000000000e+02
3.420000000000000000e+02 5.710000000000000000e+02
3.420000000000000000e+02 5.710000000000000000e+02
3.420000000000000000e+02 5.710000000000000000e+02
3.470000000000000000e+02 5.630000000000000000e+02
3.570000000000000000e+02 5.420000000000000000e+02
3.867890690535148224e+02 5.212316396419727198e+02
4.238247569543577242e+02 5.156762864568463556e+02
4.990000000000000000e+02 4.310000000000000000e+02
4.150000000000000000e+02 5.010000000000000000e+02
5.500000000000000000e+02 6.180000000000000000e+02
4.540000000000000000e+02 6.030000000000000000e+02
5.830000000000000000e+02 6.570000000000000000e+02
6.330000000000000000e+02 6.410000000000000000e+02
5.580000000000000000e+02 6.240000000000000000e+02
5.770000000000000000e+02 6.500000000000000000e+02
5.860000000000000000e+02 6.630000000000000000e+02
5.930000000000000000e+02 6.690000000000000000e+02
6.010000000000000000e+02 6.730000000000000000e+02
6.090000000000000000e+02 6.800000000000000000e+02
6.130000000000000000e+02 6.820000000000000000e+02
6.150000000000000000e+02 6.830000000000000000e+02
6.200000000000000000e+02 6.930000000000000000e+02
6.270000000000000000e+02 7.030000000000000000e+02
6.280000000000000000e+02 7.069155884459312347e+02
6.290000000000000000e+02 7.070000000000000000e+02
6.290000000000000000e+02 7.070000000000000000e+02
6.290000000000000000e+02 7.070000000000000000e+02
6.290000000000000000e+02 7.070000000000000000e+02
6.290000000000000000e+02 7.070000000000000000e+02
6.290000000000000000e+02 7.070000000000000000e+02
6.290000000000000000e+02 7.070000000000000000e+02
6.290000000000000000e+02 7.080000000000000000e+02
6.320000000000000000e+02 7.100000000000000000e+02
6.320000000000000000e+02 7.100000000000000000e+02
6.320000000000000000e+02 7.100000000000000000e+02
6.320000000000000000e+02 7.100000000000000000e+02
6.320000000000000000e+02 7.100000000000000000e+02
6.380000000000000000e+02 7.150000000000000000e+02
6.380000000000000000e+02 7.150000000000000000e+02
6.380000000000000000e+02 7.150000000000000000e+02
6.380000000000000000e+02 7.150000000000000000e+02
6.380000000000000000e+02 7.150000000000000000e+02
6.380000000000000000e+02 7.150000000000000000e+02
6.380000000000000000e+02 7.150000000000000000e+02
6.772860028180873542e+02 6.488224518551911615e+02
6.480000000000000000e+02 7.140000000000000000e+02
3.754104673342870910e+02 5.951752503576537947e+02
4.420000000000000000e+02 7.170000000000000000e+02
3.510000000000000000e+02 6.170000000000000000e+02
3.300000000000000000e+02 6.370000000000000000e+02
2.200000000000000000e+02 7.400000000000000000e+02
2.440000000000000000e+02 6.480000000000000000e+02
2.100000000000000000e+02 6.430000000000000000e+02
1.930000000000000000e+02 6.360000000000000000e+02
1.530000000000000000e+02 6.270000000000000000e+02
1.320000000000000000e+02 6.210000000000000000e+02
1.220000000000000000e+02 6.180000000000000000e+02
1.080000000000000000e+02 6.150000000000000000e+02
9.200000000000000000e+01 6.100000000000000000e+02
8.900000000000000000e+01 6.090000000000000000e+02
8.900000000000000000e+01 6.090000000000000000e+02
8.400000000000000000e+01 6.090000000000000000e+02
8.300000000000000000e+01 6.090000000000000000e+02
7.800000000000000000e+01 6.090000000000000000e+02
7.600000000000000000e+01 6.090000000000000000e+02
7.600000000000000000e+01 6.090000000000000000e+02
7.405887961859356494e+01 6.090000000000000000e+02
7.100000000000000000e+01 6.100000000000000000e+02
7.003125446321878655e+01 6.100000000000000000e+02
6.900000000000000000e+01 6.130000000000000000e+02
6.800000000000000000e+01 6.130000000000000000e+02
6.800000000000000000e+01 6.130000000000000000e+02
6.800000000000000000e+01 6.130000000000000000e+02
6.800000000000000000e+01 6.130000000000000000e+02
6.600000000000000000e+01 6.130000000000000000e+02
6.400000000000000000e+01 6.130000000000000000e+02
6.300000000000000000e+01 6.140000000000000000e+02
6.200000000000000000e+01 6.140000000000000000e+02
6.200000000000000000e+01 6.140000000000000000e+02
6.200000000000000000e+01 6.140000000000000000e+02
6.200000000000000000e+01 6.140000000000000000e+02
6.200000000000000000e+01 6.140000000000000000e+02
6.200000000000000000e+01 6.140000000000000000e+02
6.600000000000000000e+01 6.150000000000000000e+02
9.200000000000000000e+01 6.150000000000000000e+02
2.320000000000000000e+02 6.670000000000000000e+02
3.240000000000000000e+02 5.660000000000000000e+02
2.748384735642755459e+02 6.880212534783847786e+02
4.105538131942097948e+02 6.701639719481303246e+02
4.880000000000000000e+02 7.740000000000000000e+02
4.989039661057545345e+02 7.821669295047597643e+02
5.460000000000000000e+02 7.990000000000000000e+02
5.770000000000000000e+02 6.730000000000000000e+02
5.770000000000000000e+02 8.020000000000000000e+02
6.110000000000000000e+02 7.110000000000000000e+02
6.090000000000000000e+02 6.770000000000000000e+02
6.610000000000000000e+02 8.350000000000000000e+02
5.910000000000000000e+02 6.770000000000000000e+02
6.050000000000000000e+02 7.460000000000000000e+02
7.038633937090777408e+02 7.788277883696998742e+02
5.690000000000000000e+02 7.220000000000000000e+02
5.990000000000000000e+02 7.620000000000000000e+02
5.800000000000000000e+02 7.540000000000000000e+02
6.540000000000000000e+02 7.930000000000000000e+02
6.540000000000000000e+02 7.940000000000000000e+02
6.530000000000000000e+02 8.020000000000000000e+02
6.510000000000000000e+02 8.060000000000000000e+02
6.480000000000000000e+02 8.080000000000000000e+02
6.480000000000000000e+02 8.080000000000000000e+02
6.480000000000000000e+02 8.080000000000000000e+02
6.480000000000000000e+02 8.080000000000000000e+02
6.480000000000000000e+02 8.080000000000000000e+02
6.480000000000000000e+02 8.080000000000000000e+02
6.480000000000000000e+02 8.080000000000000000e+02
6.480000000000000000e+02 8.080000000000000000e+02
6.494474935396051478e+02 8.061906330754935652e+02
6.508974927617648518e+02 8.043781340477939921e+02
6.520000000000000000e+02 8.030000000000000000e+02
6.530000000000000000e+02 8.020000000000000000e+02
6.530000000000000000e+02 8.020000000000000000e+02
6.530000000000000000e+02 8.020000000000000000e+02
6.530000000000000000e+02 8.020000000000000000e+02
6.530000000000000000e+02 8.020000000000000000e+02
6.530000000000000000e+02 8.020000000000000000e+02
6.530000000000000000e+02 8.020000000000000000e+02
6.530000000000000000e+02 8.020000000000000000e+02
6.480000000000000000e+02 8.020000000000000000e+02
6.450000000000000000e+02 8.000000000000000000e+02
6.380000000000000000e+02 7.790000000000000000e+02
6.340000000000000000e+02 7.380000000000000000e+02
6.640000000000000000e+02 6.520000000000000000e+02
7.090000000000000000e+02 5.800000000000000000e+02
7.330000000000000000e+02 5.330000000000000000e+02
7.410000000000000000e+02 5.140000000000000000e+02
7.540000000000000000e+02 4.830000000000000000e+02
7.674936154863574984e+02 4.485106408560707223e+02
7.740000000000000000e+02 4.260000000000000000e+02
7.870000000000000000e+02 4.000000000000000000e+02
7.990000000000000000e+02 3.730000000000000000e+02
8.045461206218512871e+02 3.619077587562974259e+02
8.120000000000000000e+02 3.320000000000000000e+02
8.140000000000000000e+02 3.030000000000000000e+02
8.140000000000000000e+02 2.951966698133488194e+02
8.160000000000000000e+02 2.690000000000000000e+02
8.170169766332969630e+02 2.619745350500544987e+02
8.210000000000000000e+02 2.520000000000000000e+02
8.230000000000000000e+02 2.440000000000000000e+02
8.250000000000000000e+02 2.340000000000000000e+02
8.270000000000000000e+02 2.270000000000000000e+02
8.270000000000000000e+02 2.250000000000000000e+02
8.270000000000000000e+02 2.170109428202404729e+02
8.270000000000000000e+02 2.160000000000000000e+02
8.270000000000000000e+02 2.160000000000000000e+02
8.270000000000000000e+02 2.160000000000000000e+02
8.240000000000000000e+02 2.150000000000000000e+02
8.210000000000000000e+02 2.150000000000000000e+02
8.210000000000000000e+02 2.150000000000000000e+02
8.210000000000000000e+02 2.150000000000000000e+02
8.210000000000000000e+02 2.150000000000000000e+02
8.210000000000000000e+02 2.150000000000000000e+02
8.210000000000000000e+02 2.150000000000000000e+02
8.210000000000000000e+02 2.150000000000000000e+02
8.210000000000000000e+02 2.150000000000000000e+02
8.000000000000000000e+02 2.340000000000000000e+02
8.540000000000000000e+02 2.840000000000000000e+02
7.660000000000000000e+02 3.490000000000000000e+02
5.620000000000000000e+02 3.930000000000000000e+02
4.920000000000000000e+02 5.720000000000000000e+02
6.450228796373911564e+02 5.562516760113030614e+02
6.260000000000000000e+02 5.520000000000000000e+02
6.120000000000000000e+02 6.960000000000000000e+02
4.950000000000000000e+02 5.600000000000000000e+02
6.210000000000000000e+02 5.950000000000000000e+02
5.880000000000000000e+02 7.130000000000000000e+02
6.000000000000000000e+02 6.570000000000000000e+02
6.070000000000000000e+02 7.910000000000000000e+02
4.920000000000000000e+02 8.710000000000000000e+02
5.660000000000000000e+02 7.930000000000000000e+02
5.660000000000000000e+02 7.940000000000000000e+02
5.660000000000000000e+02 7.940000000000000000e+02
5.650000000000000000e+02 7.940000000000000000e+02
5.620000000000000000e+02 7.940000000000000000e+02
5.580000000000000000e+02 7.940000000000000000e+02
5.550000000000000000e+02 7.920000000000000000e+02
5.500000000000000000e+02 7.910000000000000000e+02
5.470000000000000000e+02 7.910000000000000000e+02
5.460000000000000000e+02 7.910000000000000000e+02
5.450000000000000000e+02 7.910000000000000000e+02
5.450000000000000000e+02 7.910000000000000000e+02
5.450000000000000000e+02 7.910000000000000000e+02
5.450000000000000000e+02 7.910000000000000000e+02
5.420000000000000000e+02 7.910000000000000000e+02
5.403286769998765067e+02 7.910000000000000000e+02
5.390000000000000000e+02 7.910000000000000000e+02
5.390000000000000000e+02 7.910000000000000000e+02
5.390000000000000000e+02 7.910000000000000000e+02
5.390000000000000000e+02 7.910000000000000000e+02
5.390000000000000000e+02 7.910000000000000000e+02
5.390000000000000000e+02 7.910000000000000000e+02
5.390000000000000000e+02 7.910000000000000000e+02
5.390000000000000000e+02 7.910000000000000000e+02
5.390000000000000000e+02 7.910000000000000000e+02
5.400000000000000000e+02 7.910000000000000000e+02
5.420000000000000000e+02 7.760000000000000000e+02
5.420000000000000000e+02 7.640000000000000000e+02
5.360000000000000000e+02 7.180000000000000000e+02
5.060000000000000000e+02 6.940000000000000000e+02
3.750000000000000000e+02 6.530000000000000000e+02
2.760000000000000000e+02 6.210000000000000000e+02
2.340000000000000000e+02 5.960000000000000000e+02
2.052576610978292706e+02 5.847216229116859267e+02
1.790000000000000000e+02 5.740000000000000000e+02
1.520000000000000000e+02 5.650000000000000000e+02
1.300000000000000000e+02 5.580000000000000000e+02
9.400000000000000000e+01 5.500000000000000000e+02
9.100000000000000000e+01 5.480000000000000000e+02
9.000000000000000000e+01 5.480000000000000000e+02
9.000000000000000000e+01 5.480000000000000000e+02
8.800000000000000000e+01 5.480000000000000000e+02
8.600000000000000000e+01 5.470000000000000000e+02
8.300000000000000000e+01 5.460000000000000000e+02
8.000000000000000000e+01 5.430000000000000000e+02
7.700000000000000000e+01 5.410000000000000000e+02
7.500000000000000000e+01 5.394527959937956894e+02
7.400000000000000000e+01 5.390000000000000000e+02
7.400000000000000000e+01 5.390000000000000000e+02
7.300000000000000000e+01 5.380000000000000000e+02
7.300000000000000000e+01 5.380000000000000000e+02
7.300000000000000000e+01 5.380000000000000000e+02
7.300000000000000000e+01 5.380000000000000000e+02
7.300000000000000000e+01 5.380000000000000000e+02
7.300000000000000000e+01 5.380000000000000000e+02
7.300000000000000000e+01 5.380000000000000000e+02
7.300000000000000000e+01 5.380000000000000000e+02
7.300000000000000000e+01 5.380000000000000000e+02
6.900000000000000000e+01 5.570000000000000000e+02
5.300000000000000000e+01 5.740000000000000000e+02
1.521932984791526167e+02 5.448464828895355367e+02
3.800000000000000000e+01 6.810000000000000000e+02
1.008413611315664014e+02 6.658085310325158162e+02
1.640000000000000000e+02 7.070000000000000000e+02
1.770000000000000000e+02 7.260000000000000000e+02
1.890000000000000000e+02 7.440000000000000000e+02
1.980000000000000000e+02 7.590000000000000000e+02
1.980000000000000000e+02 7.590000000000000000e+02
1.980000000000000000e+02 7.680000000000000000e+02
1.970000000000000000e+02 7.750000000000000000e+02
1.960000000000000000e+02 7.760000000000000000e+02
1.930000000000000000e+02 7.760000000000000000e+02
1.890000000000000000e+02 7.760000000000000000e+02
1.870000000000000000e+02 7.750000000000000000e+02
1.860000000000000000e+02 7.730000000000000000e+02
1.850000000000000000e+02 7.690000000000000000e+02
1.840000000000000000e+02 7.680000000000000000e+02
1.840000000000000000e+02 7.670000000000000000e+02
1.840000000000000000e+02 7.640000000000000000e+02
1.840000000000000000e+02 7.640000000000000000e+02
1.840000000000000000e+02 7.640000000000000000e+02
1.840000000000000000e+02 7.640000000000000000e+02
1.860000000000000000e+02 7.640000000000000000e+02
1.880000000000000000e+02 7.640000000000000000e+02
1.880000000000000000e+02 7.650000000000000000e+02
1.890000000000000000e+02 7.650000000000000000e+02
1.890000000000000000e+02 7.650000000000000000e+02
1.890000000000000000e+02 7.650000000000000000e+02
1.890000000000000000e+02 7.650000000000000000e+02
1.890000000000000000e+02 7.650000000000000000e+02
1.890000000000000000e+02 7.650000000000000000e+02
1.890000000000000000e+02 7.650000000000000000e+02
1.890000000000000000e+02 7.650000000000000000e+02
1.930000000000000000e+02 7.610000000000000000e+02
2.120000000000000000e+02 7.430000000000000000e+02
2.525549092600793699e+02 7.165040483946243057e+02
3.140000000000000000e+02 6.890000000000000000e+02
3.170000000000000000e+02 6.850000000000000000e+02
3.340000000000000000e+02 6.740000000000000000e+02
3.740000000000000000e+02 6.500000000000000000e+02
3.970000000000000000e+02 6.330000000000000000e+02
4.205193042017870653e+02 6.217691981325390316e+02
4.214660954126619004e+02 6.213484020388169711e+02
4.224128866235367354e+02 6.209276059450947969e+02
4.233596778344115705e+02 6.205068098513726227e+02
4.243064690452864056e+02 6.200860137576504485e+02
4.252532602561615249e+02 6.196652176639281606e+02
4.262000514670363600e+02 6.192444215702061001e+02
4.271468426779111951e+02 6.188236254764839259e+02
4.280936338887860302e+02 6.184028293827617517e+02
4.290000000000000000e+02 6.180000000000000000e+02
7.744540940561423668e+02 4.000486512282748777e+02
8.470000000000000000e+02 3.880000000000000000e+02
8.495065776697423416e+02 3.304861893202856322e+02
8.180000000000000000e+02 2.980000000000000000e+02
8.930000000000000000e+02 2.250000000000000000e+02
9.340000000000000000e+02 1.790000000000000000e+02
9.240000000000000000e+02 2.790000000000000000e+02
9.510000000000000000e+02 3.330000000000000000e+02
8.520000000000000000e+02 1.960000000000000000e+02
9.610000000000000000e+02 3.270000000000000000e+02
9.700000000000000000e+02 2.660000000000000000e+02
9.630000000000000000e+02 1.700000000000000000e+02
8.780000000000000000e+02 2.130000000000000000e+02
9.010856188886239124e+02 2.071712377772477964e+02
7.870000000000000000e+02 2.180000000000000000e+02
8.820000000000000000e+02 2.420000000000000000e+02
8.820000000000000000e+02 2.420000000000000000e+02
8.815393561453319080e+02 2.420000000000000000e+02
8.700000000000000000e+02 2.420000000000000000e+02
8.700000000000000000e+02 2.420000000000000000e+02
8.700000000000000000e+02 2.420000000000000000e+02
8.700000000000000000e+02 2.430000000000000000e+02
8.720000000000000000e+02 2.430000000000000000e+02
8.740000000000000000e+02 2.440000000000000000e+02
8.750000000000000000e+02 2.440000000000000000e+02
8.750000000000000000e+02 2.450000000000000000e+02
8.750000000000000000e+02 2.450000000000000000e+02
8.740000000000000000e+02 2.480000000000000000e+02
8.700000000000000000e+02 2.549839827874731100e+02
8.700000000000000000e+02 2.560000000000000000e+02
8.700000000000000000e+02 2.560000000000000000e+02
8.700000000000000000e+02 2.560000000000000000e+02
8.700000000000000000e+02 2.560000000000000000e+02
8.700000000000000000e+02 2.560000000000000000e+02
8.700000000000000000e+02 2.560000000000000000e+02
8.710000000000000000e+02 2.550000000000000000e+02
8.710000000000000000e+02 2.550000000000000000e+02
8.710000000000000000e+02 2.550000000000000000e+02
8.710000000000000000e+02 2.550000000000000000e+02
8.710000000000000000e+02 2.550000000000000000e+02
8.710000000000000000e+02 2.550000000000000000e+02
8.710000000000000000e+02 2.540000000000000000e+02
8.710000000000000000e+02 2.540000000000000000e+02
8.710000000000000000e+02 2.540000000000000000e+02
