1.306000000000000000e+03 4.880000000000000000e+02
1.306000000000000000e+03 4.880000000000000000e+02
1.306000000000000000e+03 4.880000000000000000e+02
1.306000000000000000e+03 4.880000000000000000e+02
1.306000000000000000e+03 4.880000000000000000e+02
1.305000000000000000e+03 4.940000000000000000e+02
1.305000000000000000e+03 4.940000000000000000e+02
1.305000000000000000e+03 4.940000000000000000e+02
1.305000000000000000e+03 4.940000000000000000e+02
1.305000000000000000e+03 4.940000000000000000e+02
1.305000000000000000e+03 4.940000000000000000e+02
1.305000000000000000e+03 4.940000000000000000e+02
1.305000000000000000e+03 4.940000000000000000e+02
1.305000000000000000e+03 4.940000000000000000e+02
1.305000000000000000e+03 4.940000000000000000e+02
1.305000000000000000e+03 4.940000000000000000e+02
1.305000000000000000e+03 4.940000000000000000e+02
1.305000000000000000e+03 4.940000000000000000e+02
1.305000000000000000e+03 4.940000000000000000e+02
1.305000000000000000e+03 4.940000000000000000e+02
1.305000000000000000e+03 4.940000000000000000e+02
1.305000000000000000e+03 4.940000000000000000e+02
1.305000000000000000e+03 4.940000000000000000e+02
1.305000000000000000e+03 4.940000000000000000e+02
1.305000000000000000e+03 4.940000000000000000e+02
1.305000000000000000e+03 4.940000000000000000e+02
1.307028812996455599e+03 4.929337756218552045e+02
1.312115734907378283e+03 4.876618747323533967e+02
1.317202656818301193e+03 4.823899738428515889e+02
1.322289578729223877e+03 4.771180729533497811e+02
1.327376500640146787e+03 4.718461720638479733e+02
1.332463422551069471e+03 4.665742711743461655e+02
1.337550344461992381e+03 4.613023702848443008e+02
1.342637266372915064e+03 4.560304693953424930e+02
1.347724188283837975e+03 4.507585685058406852e+02
1.352811110194760658e+03 4.454866676163388775e+02
1.357898032105683569e+03 4.402147667268370697e+02
1.361000000000000000e+03 4.370000000000000000e+02
1.361000000000000000e+03 4.370000000000000000e+02
1.361000000000000000e+03 4.370000000000000000e+02
1.361000000000000000e+03 4.370000000000000000e+02
9.820000000000000000e+02 4.170000000000000000e+02
9.760000000000000000e+02 4.170000000000000000e+02
9.600000000000000000e+02 4.190000000000000000e+02
9.380000000000000000e+02 4.180000000000000000e+02
9.290000000000000000e+02 4.160000000000000000e+02
9.160000000000000000e+02 4.160000000000000000e+02
9.160000000000000000e+02 4.160000000000000000e+02
9.050000000000000000e+02 4.180000000000000000e+02
8.470000000000000000e+02 4.340000000000000000e+02
8.410000000000000000e+02 4.340000000000000000e+02
8.450000000000000000e+02 4.330000000000000000e+02
8.470000000000000000e+02 4.330000000000000000e+02
8.470000000000000000e+02 4.330000000000000000e+02
8.598458688983199636e+02 4.354161890229364644e+02
8.730000000000000000e+02 4.420000000000000000e+02
8.900000000000000000e+02 4.560000000000000000e+02
9.180000000000000000e+02 4.610000000000000000e+02
9.320000000000000000e+02 4.640000000000000000e+02
9.460000000000000000e+02 4.680000000000000000e+02
9.489699570815450897e+02 4.689849785407725449e+02
9.560000000000000000e+02 4.710000000000000000e+02
9.660000000000000000e+02 4.710000000000000000e+02
9.770000000000000000e+02 4.710000000000000000e+02
9.860000000000000000e+02 4.710000000000000000e+02
9.860000000000000000e+02 4.710000000000000000e+02
9.860000000000000000e+02 4.710000000000000000e+02
9.980000000000000000e+02 4.690000000000000000e+02
1.001000000000000000e+03 4.690000000000000000e+02
1.001000000000000000e+03 4.690000000000000000e+02
1.001000000000000000e+03 4.680000000000000000e+02
1.000000000000000000e+03 4.680000000000000000e+02
9.970000000000000000e+02 4.680000000000000000e+02
9.960000000000000000e+02 4.680000000000000000e+02
9.960000000000000000e+02 4.680000000000000000e+02
9.960000000000000000e+02 4.680000000000000000e+02
9.960000000000000000e+02 4.680000000000000000e+02
9.840000000000000000e+02 4.660000000000000000e+02
9.830000000000000000e+02 4.660000000000000000e+02
9.830000000000000000e+02 4.660000000000000000e+02
9.830000000000000000e+02 4.660000000000000000e+02
9.830000000000000000e+02 4.660000000000000000e+02
9.830000000000000000e+02 4.660000000000000000e+02
9.830000000000000000e+02 4.660000000000000000e+02
9.830000000000000000e+02 4.660000000000000000e+02
9.830000000000000000e+02 4.660000000000000000e+02
9.830000000000000000e+02 4.660000000000000000e+02
9.830000000000000000e+02 4.660000000000000000e+02
9.830000000000000000e+02 4.660000000000000000e+02
9.830000000000000000e+02 4.660000000000000000e+02
9.690000000000000000e+02 4.610000000000000000e+02
8.893853750293927760e+02 4.408463437573481656e+02
7.630000000000000000e+02 3.990000000000000000e+02
6.700000000000000000e+02 3.870000000000000000e+02
6.330000000000000000e+02 3.930000000000000000e+02
6.160000000000000000e+02 3.990000000000000000e+02
6.150000000000000000e+02 3.990000000000000000e+02
6.020000000000000000e+02 4.010000000000000000e+02
5.782437872644865138e+02 4.030000000000000000e+02
5.280000000000000000e+02 3.980000000000000000e+02
4.984729874776386396e+02 3.920000000000000000e+02
4.730000000000000000e+02 3.890000000000000000e+02
4.220000000000000000e+02 3.840000000000000000e+02
4.100000000000000000e+02 3.840000000000000000e+02
3.930000000000000000e+02 3.810000000000000000e+02
3.610000000000000000e+02 3.730000000000000000e+02
3.480000000000000000e+02 3.690000000000000000e+02
3.480000000000000000e+02 3.690000000000000000e+02
3.347175435563673318e+02 3.651435087112734550e+02
2.960000000000000000e+02 3.560000000000000000e+02
2.040000000000000000e+02 3.410000000000000000e+02
1.860000000000000000e+02 3.360000000000000000e+02
1.820000000000000000e+02 3.340000000000000000e+02
1.756296349319964349e+02 3.303148174659982033e+02
1.580000000000000000e+02 3.190000000000000000e+02
1.080000000000000000e+02 3.020000000000000000e+02
1.000000000000000000e+02 2.960000000000000000e+02
9.200000000000000000e+01 2.940000000000000000e+02
5.000000000000000000e+01 2.920000000000000000e+02
4.000000000000000000e+01 2.920000000000000000e+02
4.000000000000000000e+01 2.910000000000000000e+02
3.500000000000000000e+01 2.870000000000000000e+02
2.931627130766426603e+01 2.803162713076642945e+02
2.600000000000000000e+01 2.790000000000000000e+02
2.600000000000000000e+01 2.790000000000000000e+02
3.700000000000000000e+01 2.830000000000000000e+02
6.300000000000000000e+01 2.930000000000000000e+02
7.100000000000000000e+01 2.950000000000000000e+02
7.600000000000000000e+01 2.950000000000000000e+02
8.200000000000000000e+01 2.990000000000000000e+02
8.800000000000000000e+01 3.010000000000000000e+02
9.800000000000000000e+01 3.060000000000000000e+02
1.080000000000000000e+02 3.090000000000000000e+02
1.130000000000000000e+02 3.100000000000000000e+02
1.130000000000000000e+02 3.100000000000000000e+02
1.130000000000000000e+02 3.100000000000000000e+02
1.130000000000000000e+02 3.100000000000000000e+02
1.136674586536227025e+02 3.106674586536227025e+02
1.180000000000000000e+02 3.120000000000000000e+02
1.230000000000000000e+02 3.150000000000000000e+02
1.240000000000000000e+02 3.150000000000000000e+02
1.240000000000000000e+02 3.150000000000000000e+02
1.240000000000000000e+02 3.150000000000000000e+02
1.240000000000000000e+02 3.150000000000000000e+02
1.240000000000000000e+02 3.150000000000000000e+02
1.240000000000000000e+02 3.150000000000000000e+02
1.240000000000000000e+02 3.150000000000000000e+02
1.240000000000000000e+02 3.150000000000000000e+02
1.240000000000000000e+02 3.150000000000000000e+02
1.240000000000000000e+02 3.150000000000000000e+02
1.240000000000000000e+02 3.150000000000000000e+02
1.360000000000000000e+02 3.150000000000000000e+02
2.210000000000000000e+02 3.030000000000000000e+02
3.520000000000000000e+02 2.890000000000000000e+02
4.270000000000000000e+02 2.800000000000000000e+02
4.270000000000000000e+02 2.800000000000000000e+02
4.380000000000000000e+02 2.800000000000000000e+02
4.540000000000000000e+02 2.760000000000000000e+02
5.050000000000000000e+02 2.680000000000000000e+02
5.380000000000000000e+02 2.640000000000000000e+02
5.810000000000000000e+02 2.570000000000000000e+02
6.130000000000000000e+02 2.490000000000000000e+02
6.280000000000000000e+02 2.460000000000000000e+02
6.335427902152922570e+02 2.439828839138831142e+02
6.360000000000000000e+02 2.430000000000000000e+02
6.370000000000000000e+02 2.420000000000000000e+02
6.420000000000000000e+02 2.390000000000000000e+02
6.500000000000000000e+02 2.330000000000000000e+02
6.500000000000000000e+02 2.330000000000000000e+02
6.820000000000000000e+02 2.040000000000000000e+02
6.843367741935484219e+02 1.976632258064516066e+02
6.900000000000000000e+02 1.910000000000000000e+02
7.008418643461674264e+02 1.784744069614977207e+02
7.100000000000000000e+02 1.670000000000000000e+02
7.190000000000000000e+02 1.550000000000000000e+02
7.230000000000000000e+02 1.480000000000000000e+02
7.320000000000000000e+02 1.360000000000000000e+02
7.370000000000000000e+02 1.320000000000000000e+02
7.420000000000000000e+02 1.310000000000000000e+02
7.560000000000000000e+02 1.260000000000000000e+02
7.610000000000000000e+02 1.250000000000000000e+02
7.610000000000000000e+02 1.250000000000000000e+02
7.560000000000000000e+02 1.280000000000000000e+02
7.500000000000000000e+02 1.360000000000000000e+02
7.500000000000000000e+02 1.400000000000000000e+02
7.510000000000000000e+02 1.600000000000000000e+02
7.510000000000000000e+02 1.650000000000000000e+02
7.450000000000000000e+02 1.680000000000000000e+02
7.320000000000000000e+02 1.730000000000000000e+02
7.140000000000000000e+02 1.770000000000000000e+02
7.114365252920526927e+02 1.780000000000000000e+02
7.110000000000000000e+02 1.780000000000000000e+02
7.110000000000000000e+02 1.780000000000000000e+02
7.110000000000000000e+02 1.780000000000000000e+02
7.110000000000000000e+02 1.780000000000000000e+02
7.100000000000000000e+02 1.760000000000000000e+02
7.090000000000000000e+02 1.750000000000000000e+02
7.140000000000000000e+02 1.730000000000000000e+02
7.230000000000000000e+02 1.710000000000000000e+02
7.320000000000000000e+02 1.690000000000000000e+02
7.330000000000000000e+02 1.690000000000000000e+02
7.330000000000000000e+02 1.690000000000000000e+02
7.330000000000000000e+02 1.690000000000000000e+02
7.330000000000000000e+02 1.690000000000000000e+02
7.330000000000000000e+02 1.690000000000000000e+02
7.330000000000000000e+02 1.690000000000000000e+02
7.330000000000000000e+02 1.690000000000000000e+02
7.330000000000000000e+02 1.690000000000000000e+02
7.330000000000000000e+02 1.690000000000000000e+02
7.330000000000000000e+02 1.690000000000000000e+02
7.330000000000000000e+02 1.690000000000000000e+02
7.320000000000000000e+02 1.690000000000000000e+02
7.320000000000000000e+02 1.690000000000000000e+02
7.320000000000000000e+02 1.690000000000000000e+02
7.320000000000000000e+02 1.690000000000000000e+02
7.300000000000000000e+02 1.780000000000000000e+02
7.280000000000000000e+02 2.000000000000000000e+02
7.368696596834220145e+02 2.391719578310144527e+02
7.506377744836856891e+02 2.877226784424706238e+02
7.620000000000000000e+02 3.130000000000000000e+02
7.630000000000000000e+02 3.160000000000000000e+02
7.630000000000000000e+02 3.280000000000000000e+02
7.630000000000000000e+02 3.280000000000000000e+02
7.640000000000000000e+02 3.600000000000000000e+02
7.660000000000000000e+02 3.790000000000000000e+02
7.807107930828860844e+02 4.161323792486583102e+02
8.030000000000000000e+02 4.760000000000000000e+02
8.140000000000000000e+02 5.180000000000000000e+02
8.150000000000000000e+02 5.210000000000000000e+02
8.170000000000000000e+02 5.290000000000000000e+02
8.210000000000000000e+02 5.420000000000000000e+02
8.260000000000000000e+02 5.610000000000000000e+02
8.340000000000000000e+02 5.770000000000000000e+02
8.420000000000000000e+02 5.920000000000000000e+02
8.480000000000000000e+02 6.010000000000000000e+02
8.500000000000000000e+02 6.030000000000000000e+02
8.532212224708522399e+02 6.042212224708522399e+02
8.580000000000000000e+02 6.070000000000000000e+02
8.634836895209344902e+02 6.117418447604673020e+02
8.660000000000000000e+02 6.120000000000000000e+02
8.750000000000000000e+02 6.150000000000000000e+02
8.780000000000000000e+02 6.150000000000000000e+02
8.810000000000000000e+02 6.110000000000000000e+02
8.830000000000000000e+02 6.040000000000000000e+02
8.840000000000000000e+02 6.018556946140846549e+02
8.840000000000000000e+02 6.010000000000000000e+02
8.840000000000000000e+02 6.000000000000000000e+02
8.840000000000000000e+02 6.000000000000000000e+02
8.830000000000000000e+02 5.980000000000000000e+02
8.830000000000000000e+02 5.970000000000000000e+02
8.800000000000000000e+02 5.910000000000000000e+02
8.800000000000000000e+02 5.900000000000000000e+02
8.800000000000000000e+02 5.900000000000000000e+02
8.790000000000000000e+02 5.900000000000000000e+02
8.780000000000000000e+02 5.900000000000000000e+02
8.730000000000000000e+02 5.890000000000000000e+02
8.720000000000000000e+02 5.870000000000000000e+02
8.720000000000000000e+02 5.870000000000000000e+02
8.720000000000000000e+02 5.870000000000000000e+02
8.720000000000000000e+02 5.870000000000000000e+02
8.720000000000000000e+02 5.870000000000000000e+02
8.720000000000000000e+02 5.870000000000000000e+02
8.720000000000000000e+02 5.870000000000000000e+02
8.720000000000000000e+02 5.870000000000000000e+02
8.710000000000000000e+02 5.870000000000000000e+02
8.700000000000000000e+02 5.870000000000000000e+02
8.290000000000000000e+02 5.870000000000000000e+02
7.880000000000000000e+02 5.860000000000000000e+02
7.300000000000000000e+02 5.860000000000000000e+02
6.488261388027584644e+02 5.972231814929655229e+02
5.990000000000000000e+02 6.060000000000000000e+02
5.920000000000000000e+02 6.070000000000000000e+02
5.841096546016674438e+02 6.085780690796665340e+02
5.750000000000000000e+02 6.110000000000000000e+02
5.580000000000000000e+02 6.140000000000000000e+02
5.450000000000000000e+02 6.150000000000000000e+02
5.410000000000000000e+02 6.160000000000000000e+02
4.780000000000000000e+02 6.160000000000000000e+02
4.400000000000000000e+02 6.160000000000000000e+02
4.020000000000000000e+02 6.200000000000000000e+02
3.770000000000000000e+02 6.200000000000000000e+02
3.500000000000000000e+02 6.210000000000000000e+02
3.390000000000000000e+02 6.221123241954715013e+02
3.330000000000000000e+02 6.230000000000000000e+02
3.263412215568829993e+02 6.240000000000000000e+02
3.100000000000000000e+02 6.260000000000000000e+02
2.580000000000000000e+02 6.330000000000000000e+02
2.240000000000000000e+02 6.380000000000000000e+02
2.220000000000000000e+02 6.380000000000000000e+02
2.190000000000000000e+02 6.390000000000000000e+02
2.140000000000000000e+02 6.450000000000000000e+02
2.057775999999992962e+02 6.554448000000013508e+02
2.000000000000000000e+02 6.670000000000000000e+02
1.876644261708968600e+02 6.784474317721375201e+02
1.700000000000000000e+02 6.910000000000000000e+02
1.610000000000000000e+02 6.960000000000000000e+02
1.550000000000000000e+02 7.000000000000000000e+02
1.460000000000000000e+02 7.080000000000000000e+02
1.410000000000000000e+02 7.120000000000000000e+02
1.319799912440018375e+02 7.178080035023992878e+02
1.290000000000000000e+02 7.190000000000000000e+02
1.250000000000000000e+02 7.210000000000000000e+02
1.220000000000000000e+02 7.210000000000000000e+02
1.110000000000000000e+02 7.260000000000000000e+02
1.094754611253721066e+02 7.262177912678039320e+02
1.040000000000000000e+02 7.270000000000000000e+02
1.040000000000000000e+02 7.270000000000000000e+02
1.040000000000000000e+02 7.260000000000000000e+02
1.040000000000000000e+02 7.220000000000000000e+02
1.040000000000000000e+02 7.210000000000000000e+02
1.040000000000000000e+02 7.180000000000000000e+02
1.040000000000000000e+02 7.130000000000000000e+02
1.050000000000000000e+02 7.080000000000000000e+02
1.060000000000000000e+02 7.050000000000000000e+02
1.090000000000000000e+02 7.020000000000000000e+02
1.100000000000000000e+02 7.010000000000000000e+02
1.100000000000000000e+02 7.010000000000000000e+02
1.100000000000000000e+02 7.010000000000000000e+02
1.100000000000000000e+02 7.010000000000000000e+02
1.100000000000000000e+02 7.010000000000000000e+02
1.100000000000000000e+02 7.010000000000000000e+02
1.100000000000000000e+02 7.010000000000000000e+02
1.100000000000000000e+02 7.010000000000000000e+02
1.100000000000000000e+02 7.010000000000000000e+02
1.100000000000000000e+02 7.010000000000000000e+02
1.100000000000000000e+02 7.010000000000000000e+02
1.104957632127414939e+02 7.010000000000000000e+02
1.121266712290416336e+02 7.010000000000000000e+02
1.278833293698063613e+02 6.947791676575484416e+02
1.790000000000000000e+02 6.730000000000000000e+02
1.970000000000000000e+02 6.480000000000000000e+02
1.970000000000000000e+02 6.480000000000000000e+02
1.890000000000000000e+02 6.060000000000000000e+02
1.790000000000000000e+02 5.800000000000000000e+02
1.700000000000000000e+02 5.420000000000000000e+02
1.680000000000000000e+02 5.010000000000000000e+02
1.540000000000000000e+02 4.730000000000000000e+02
1.478037064492201864e+02 4.710000000000000000e+02
1.470000000000000000e+02 4.700000000000000000e+02
1.480000000000000000e+02 4.700000000000000000e+02
1.600000000000000000e+02 4.620000000000000000e+02
1.740000000000000000e+02 4.570000000000000000e+02
1.740000000000000000e+02 4.570000000000000000e+02
1.740000000000000000e+02 4.570000000000000000e+02
1.740000000000000000e+02 4.570000000000000000e+02
1.740000000000000000e+02 4.570000000000000000e+02
1.740000000000000000e+02 4.570000000000000000e+02
1.800000000000000000e+02 4.570000000000000000e+02
1.693367592702928732e+02 4.369472993919107466e+02
1.650000000000000000e+02 4.310000000000000000e+02
1.607940831181028329e+02 4.153822493543084988e+02
1.500000000000000000e+02 3.900000000000000000e+02
1.400000000000000000e+02 3.630000000000000000e+02
1.370000000000000000e+02 3.410000000000000000e+02
1.322667788543105019e+02 3.201738269589662309e+02
1.270000000000000000e+02 3.010000000000000000e+02
1.250000000000000000e+02 2.950000000000000000e+02
1.240000000000000000e+02 2.950000000000000000e+02
1.240000000000000000e+02 2.920000000000000000e+02
1.120000000000000000e+02 2.560000000000000000e+02
1.000000000000000000e+02 2.200000000000000000e+02
9.800000000000000000e+01 2.029460102271358153e+02
9.600000000000000000e+01 1.830000000000000000e+02
8.900000000000000000e+01 1.580000000000000000e+02
8.700000000000000000e+01 1.480000000000000000e+02
8.300000000000000000e+01 1.290000000000000000e+02
7.900000000000000000e+01 1.050000000000000000e+02
7.600000000000000000e+01 8.600000000000000000e+01
7.600000000000000000e+01 8.600000000000000000e+01
7.600000000000000000e+01 8.500000000000000000e+01
7.700000000000000000e+01 7.377584564078132701e+01
7.900000000000000000e+01 6.700000000000000000e+01
7.900000000000000000e+01 5.300000000000000000e+01
7.900000000000000000e+01 4.300000000000000000e+01
7.900000000000000000e+01 3.900000000000000000e+01
8.000000000000000000e+01 3.900000000000000000e+01
8.000000000000000000e+01 3.900000000000000000e+01
8.000000000000000000e+01 3.900000000000000000e+01
8.000000000000000000e+01 3.900000000000000000e+01
8.000000000000000000e+01 3.900000000000000000e+01
8.000000000000000000e+01 3.900000000000000000e+01
7.983129702045013687e+01 3.984351489774929433e+01
7.964881442769704734e+01 4.075592786151474201e+01
7.946633183494395780e+01 4.166834082528018257e+01
7.928384924219086827e+01 4.258075378904562314e+01
7.910136664943779294e+01 4.349316675281100686e+01
7.900000000000000000e+01 4.400000000000000000e+01
7.900000000000000000e+01 4.400000000000000000e+01
7.900000000000000000e+01 4.400000000000000000e+01
7.900000000000000000e+01 4.400000000000000000e+01
1.710000000000000000e+02 2.000000000000000000e+02
1.830000000000000000e+02 2.200000000000000000e+02
1.850000000000000000e+02 2.282217599234830061e+02
1.890000000000000000e+02 2.370000000000000000e+02
1.890000000000000000e+02 2.370000000000000000e+02
1.930000000000000000e+02 2.420000000000000000e+02
2.020000000000000000e+02 2.560000000000000000e+02
2.080000000000000000e+02 2.640000000000000000e+02
2.190000000000000000e+02 2.830000000000000000e+02
2.210000000000000000e+02 2.880000000000000000e+02
2.400000000000000000e+02 3.080000000000000000e+02
2.620000000000000000e+02 3.310000000000000000e+02
3.030000000000000000e+02 3.620000000000000000e+02
3.183371244635225139e+02 3.772247496423483426e+02
3.310000000000000000e+02 3.880000000000000000e+02
3.600000000000000000e+02 4.140000000000000000e+02
3.860000000000000000e+02 4.390000000000000000e+02
4.080000000000000000e+02 4.570000000000000000e+02
4.227017850346881573e+02 4.726719635381570015e+02
4.400000000000000000e+02 4.920000000000000000e+02
4.430000000000000000e+02 4.970000000000000000e+02
4.630000000000000000e+02 5.210000000000000000e+02
4.770000000000000000e+02 5.410000000000000000e+02
5.040000000000000000e+02 5.810000000000000000e+02
5.219984332925395165e+02 6.029992166462697014e+02
5.240000000000000000e+02 6.080000000000000000e+02
5.339971888028595686e+02 6.239943776057191371e+02
5.370000000000000000e+02 6.320000000000000000e+02
5.390000000000000000e+02 6.360000000000000000e+02
5.410000000000000000e+02 6.430000000000000000e+02
5.450000000000000000e+02 6.540000000000000000e+02
5.560000000000000000e+02 6.730000000000000000e+02
5.590000000000000000e+02 6.770000000000000000e+02
5.590000000000000000e+02 6.770000000000000000e+02
5.590000000000000000e+02 6.770000000000000000e+02
5.590000000000000000e+02 6.770000000000000000e+02
5.630000000000000000e+02 6.780000000000000000e+02
5.649843045112788786e+02 6.780000000000000000e+02
5.660000000000000000e+02 6.780000000000000000e+02
5.660000000000000000e+02 6.780000000000000000e+02
5.660000000000000000e+02 6.780000000000000000e+02
5.730000000000000000e+02 6.760000000000000000e+02
5.760000000000000000e+02 6.760000000000000000e+02
5.860000000000000000e+02 6.780000000000000000e+02
5.860000000000000000e+02 6.780000000000000000e+02
5.890000000000000000e+02 6.790000000000000000e+02
5.899986190476197407e+02 6.819958571428592222e+02
6.000000000000000000e+02 6.980000000000000000e+02
6.010000000000000000e+02 6.990000000000000000e+02
6.010000000000000000e+02 7.010000000000000000e+02
6.010000000000000000e+02 7.010000000000000000e+02
6.010000000000000000e+02 7.010000000000000000e+02
6.030000000000000000e+02 7.030000000000000000e+02
6.030000000000000000e+02 7.030000000000000000e+02
6.030000000000000000e+02 7.070000000000000000e+02
6.030000000000000000e+02 7.070000000000000000e+02
6.030000000000000000e+02 7.070000000000000000e+02
5.990000000000000000e+02 7.020000000000000000e+02
5.990000000000000000e+02 7.020000000000000000e+02
5.990000000000000000e+02 7.020000000000000000e+02
5.990000000000000000e+02 7.020000000000000000e+02
5.990000000000000000e+02 7.020000000000000000e+02
5.990000000000000000e+02 7.020000000000000000e+02
5.930000000000000000e+02 6.970000000000000000e+02
5.700000000000000000e+02 6.820000000000000000e+02
5.340000000000000000e+02 6.730000000000000000e+02
4.740000000000000000e+02 6.700000000000000000e+02
3.870000000000000000e+02 6.690000000000000000e+02
3.460000000000000000e+02 6.680000000000000000e+02
3.390000000000000000e+02 6.680000000000000000e+02
3.350057361376673271e+02 6.680000000000000000e+02
3.250000000000000000e+02 6.690000000000000000e+02
3.110793914903696304e+02 6.699841217019260284e+02
2.970000000000000000e+02 6.720000000000000000e+02
2.390000000000000000e+02 6.710000000000000000e+02
1.570000000000000000e+02 6.630000000000000000e+02
1.110000000000000000e+02 6.600000000000000000e+02
9.300000000000000000e+01 6.620000000000000000e+02
6.400000000000000000e+01 6.650000000000000000e+02
5.600000000000000000e+01 6.660000000000000000e+02
4.100000000000000000e+01 6.720000000000000000e+02
1.150137149671855674e+01 6.790000000000000000e+02
0.000000000000000000e+00 6.810000000000000000e+02
0.000000000000000000e+00 6.810000000000000000e+02
0.000000000000000000e+00 6.810000000000000000e+02
0.000000000000000000e+00 6.810000000000000000e+02
0.000000000000000000e+00 6.810000000000000000e+02
0.000000000000000000e+00 6.810000000000000000e+02
0.000000000000000000e+00 6.810000000000000000e+02
0.000000000000000000e+00 6.810000000000000000e+02
1.498747763864042959e+00 7.185012522361359970e+02
1.300000000000000000e+01 7.140000000000000000e+02
2.000000000000000000e+01 7.110000000000000000e+02
2.000000000000000000e+01 7.110000000000000000e+02
2.300000000000000000e+01 7.080000000000000000e+02
3.000000000000000000e+01 7.050000000000000000e+02
3.146882079136300803e+01 7.037114948976227424e+02
3.277143328112625653e+01 7.029098872116146595e+02
3.407404577088951214e+01 7.021082795256064628e+02
3.537665826065276065e+01 7.013066718395982662e+02
3.667927075041592389e+01 7.005050641535901832e+02
3.798188324017917239e+01 6.997034564675821002e+02
3.928449572994242089e+01 6.989018487815739036e+02
4.058710821970567650e+01 6.981002410955657069e+02
4.188972070946893211e+01 6.972986334095576240e+02
4.319233319923208825e+01 6.964970257235495410e+02
4.400000000000000000e+01 6.960000000000000000e+02
4.400000000000000000e+01 6.960000000000000000e+02
4.400000000000000000e+01 6.960000000000000000e+02
4.400000000000000000e+01 6.960000000000000000e+02
8.900000000000000000e+01 7.030000000000000000e+02
1.750000000000000000e+02 6.970000000000000000e+02
2.500000000000000000e+02 6.850000000000000000e+02
2.800000000000000000e+02 6.730000000000000000e+02
2.870000000000000000e+02 6.680000000000000000e+02
3.190000000000000000e+02 6.650000000000000000e+02
3.494989988081059664e+02 6.620000000000000000e+02
3.510000000000000000e+02 6.620000000000000000e+02
3.560000000000000000e+02 6.860000000000000000e+02
3.600000000000000000e+02 7.120000000000000000e+02
3.640000000000000000e+02 7.530000000000000000e+02
3.610000000000000000e+02 7.790000000000000000e+02
3.560000000000000000e+02 7.990000000000000000e+02
3.540000000000000000e+02 8.080000000000000000e+02
3.510000000000000000e+02 8.160000000000000000e+02
3.460000000000000000e+02 8.260000000000000000e+02
3.430000000000000000e+02 8.310000000000000000e+02
3.401429087193459395e+02 8.399522434150774188e+02
3.390000000000000000e+02 8.480000000000000000e+02
3.390000000000000000e+02 8.520000000000000000e+02
3.390000000000000000e+02 8.540000000000000000e+02
3.390000000000000000e+02 8.540000000000000000e+02
3.390000000000000000e+02 8.540000000000000000e+02
3.390000000000000000e+02 8.540000000000000000e+02
3.390000000000000000e+02 8.540000000000000000e+02
3.390000000000000000e+02 8.540000000000000000e+02
3.390000000000000000e+02 8.540000000000000000e+02
3.390000000000000000e+02 8.540000000000000000e+02
3.390000000000000000e+02 8.540000000000000000e+02
3.430000000000000000e+02 8.520000000000000000e+02
3.540000000000000000e+02 8.400000000000000000e+02
3.610000000000000000e+02 8.020000000000000000e+02
3.640000000000000000e+02 7.440000000000000000e+02
3.620000000000000000e+02 7.180000000000000000e+02
3.510000000000000000e+02 6.890000000000000000e+02
3.470000000000000000e+02 6.780000000000000000e+02
3.360000000000000000e+02 6.600000000000000000e+02
3.287616634799192639e+02 6.436822179732256473e+02
3.110000000000000000e+02 6.200000000000000000e+02
3.020319361752784175e+02 6.080319361752783607e+02
2.870000000000000000e+02 5.930000000000000000e+02
2.630000000000000000e+02 5.630000000000000000e+02
2.460000000000000000e+02 5.370000000000000000e+02
2.290000000000000000e+02 5.080000000000000000e+02
2.225422043785903270e+02 4.940844087571806540e+02
2.180000000000000000e+02 4.850000000000000000e+02
2.100000000000000000e+02 4.740000000000000000e+02
2.030000000000000000e+02 4.590000000000000000e+02
1.920000000000000000e+02 4.390000000000000000e+02
1.900000000000000000e+02 4.360000000000000000e+02
1.770000000000000000e+02 4.023443778639407924e+02
1.750000000000000000e+02 3.870000000000000000e+02
1.700000000000000000e+02 3.540000000000000000e+02
1.670000000000000000e+02 3.390000000000000000e+02
1.660000000000000000e+02 3.280000000000000000e+02
1.630000000000000000e+02 3.150000000000000000e+02
1.620000000000000000e+02 3.070000000000000000e+02
1.610000000000000000e+02 2.950000000000000000e+02
1.610000000000000000e+02 2.830000000000000000e+02
1.610000000000000000e+02 2.820000000000000000e+02
1.610000000000000000e+02 2.760000000000000000e+02
1.610000000000000000e+02 2.730000000000000000e+02
1.610000000000000000e+02 2.700000000000000000e+02
1.620000000000000000e+02 2.670000000000000000e+02
1.620000000000000000e+02 2.670000000000000000e+02
1.620000000000000000e+02 2.670000000000000000e+02
1.620000000000000000e+02 2.670000000000000000e+02
1.620000000000000000e+02 2.670000000000000000e+02
1.620000000000000000e+02 2.670000000000000000e+02
1.620000000000000000e+02 2.670000000000000000e+02
1.620000000000000000e+02 2.670000000000000000e+02
1.620000000000000000e+02 2.670000000000000000e+02
1.620000000000000000e+02 2.670000000000000000e+02
1.620000000000000000e+02 2.670000000000000000e+02
1.730000000000000000e+02 2.780000000000000000e+02
2.160000000000000000e+02 2.860000000000000000e+02
3.330000000000000000e+02 2.950000000000000000e+02
4.110000000000000000e+02 2.950000000000000000e+02
4.170000000000000000e+02 2.940000000000000000e+02
4.400000000000000000e+02 2.920000000000000000e+02
4.620000000000000000e+02 2.920000000000000000e+02
4.883597315436262534e+02 2.920000000000000000e+02
5.120000000000000000e+02 2.920000000000000000e+02
5.400000000000000000e+02 2.890000000000000000e+02
5.420000000000000000e+02 2.890000000000000000e+02
5.647982068141063792e+02 2.870000000000000000e+02
5.750000000000000000e+02 2.850000000000000000e+02
6.080000000000000000e+02 2.680000000000000000e+02
6.520000000000000000e+02 2.470000000000000000e+02
7.090000000000000000e+02 2.270000000000000000e+02
7.160000000000000000e+02 2.220000000000000000e+02
7.170000000000000000e+02 2.210000000000000000e+02
7.225927653498362133e+02 2.128144693003274881e+02
7.290000000000000000e+02 2.020000000000000000e+02
7.330000000000000000e+02 1.980000000000000000e+02
7.530000000000000000e+02 1.880000000000000000e+02
7.720000000000000000e+02 1.690000000000000000e+02
7.748999360551443942e+02 1.614002557794225083e+02
7.790000000000000000e+02 1.430000000000000000e+02
7.829324456849467424e+02 1.310727716725276935e+02
7.861750496153717904e+02 1.244829636848896399e+02
7.894176535457970658e+02 1.178931556972511174e+02
7.926602574762223412e+02 1.113033477096125949e+02
7.959028614066477303e+02 1.047135397219740724e+02
7.991454653370730057e+02 9.812373173433556417e+01
8.023880692674980537e+02 9.153392374669749643e+01
8.056306731979233291e+02 8.494411575905897394e+01
8.088732771283487182e+02 7.835430777142045145e+01
8.120000000000000000e+02 7.200000000000000000e+01
8.120000000000000000e+02 7.200000000000000000e+01
8.120000000000000000e+02 7.200000000000000000e+01
8.120000000000000000e+02 7.200000000000000000e+01
8.120000000000000000e+02 7.200000000000000000e+01
8.570000000000000000e+02 0.000000000000000000e+00
8.570000000000000000e+02 0.000000000000000000e+00
8.570000000000000000e+02 0.000000000000000000e+00
8.570000000000000000e+02 0.000000000000000000e+00
8.570000000000000000e+02 0.000000000000000000e+00
8.570000000000000000e+02 0.000000000000000000e+00
8.570000000000000000e+02 0.000000000000000000e+00
8.390000000000000000e+02 8.000000000000000000e+00
8.390000000000000000e+02 1.100000000000000000e+01
8.390000000000000000e+02 1.100000000000000000e+01
8.390000000000000000e+02 1.100000000000000000e+01
8.390000000000000000e+02 1.100000000000000000e+01
8.390000000000000000e+02 1.900000000000000000e+01
8.390000000000000000e+02 1.900000000000000000e+01
8.390000000000000000e+02 1.900000000000000000e+01
8.390000000000000000e+02 1.900000000000000000e+01
8.390000000000000000e+02 1.900000000000000000e+01
8.390000000000000000e+02 1.900000000000000000e+01
8.390000000000000000e+02 1.900000000000000000e+01
8.390000000000000000e+02 1.900000000000000000e+01
8.390000000000000000e+02 1.900000000000000000e+01
8.390000000000000000e+02 1.900000000000000000e+01
8.390000000000000000e+02 1.900000000000000000e+01
8.370000000000000000e+02 4.610601405264175412e+01
8.380000000000000000e+02 1.020000000000000000e+02
8.440000000000000000e+02 1.400000000000000000e+02
8.450000000000000000e+02 1.550000000000000000e+02
8.460000000000000000e+02 1.830000000000000000e+02
8.430000000000000000e+02 1.990000000000000000e+02
8.430000000000000000e+02 2.060000000000000000e+02
8.430000000000000000e+02 2.066559121823157170e+02
8.420000000000000000e+02 2.140000000000000000e+02
8.420000000000000000e+02 2.170000000000000000e+02
8.420000000000000000e+02 2.210000000000000000e+02
8.440000000000000000e+02 2.340000000000000000e+02
8.480000000000000000e+02 2.600000000000000000e+02
8.540000000000000000e+02 2.820000000000000000e+02
8.550000000000000000e+02 2.860000000000000000e+02
8.600000000000000000e+02 2.990000000000000000e+02
8.620000000000000000e+02 3.030000000000000000e+02
8.676209345265749562e+02 3.101612460354333507e+02
8.753124760076789244e+02 3.203124760076789812e+02
8.770000000000000000e+02 3.240000000000000000e+02
8.776570883054935166e+02 3.260000000000000000e+02
8.780000000000000000e+02 3.270000000000000000e+02
8.780000000000000000e+02 3.270000000000000000e+02
8.810000000000000000e+02 3.290000000000000000e+02
8.830000000000000000e+02 3.320000000000000000e+02
8.890000000000000000e+02 3.410000000000000000e+02
8.920000000000000000e+02 3.440000000000000000e+02
8.920000000000000000e+02 3.440000000000000000e+02
8.920000000000000000e+02 3.440000000000000000e+02
8.920000000000000000e+02 3.440000000000000000e+02
8.920000000000000000e+02 3.440000000000000000e+02
8.920000000000000000e+02 3.440000000000000000e+02
8.920000000000000000e+02 3.440000000000000000e+02
8.920000000000000000e+02 3.440000000000000000e+02
8.920000000000000000e+02 3.440000000000000000e+02
8.920000000000000000e+02 3.440000000000000000e+02
8.920000000000000000e+02 3.440000000000000000e+02
8.920000000000000000e+02 3.440000000000000000e+02
8.630000000000000000e+02 3.500000000000000000e+02
8.070000000000000000e+02 3.650000000000000000e+02
7.880000000000000000e+02 3.690000000000000000e+02
7.870000000000000000e+02 3.690000000000000000e+02
7.870000000000000000e+02 3.690000000000000000e+02
7.870000000000000000e+02 3.690000000000000000e+02
7.870000000000000000e+02 3.690000000000000000e+02
7.870000000000000000e+02 3.690000000000000000e+02
7.870000000000000000e+02 3.690000000000000000e+02
7.870000000000000000e+02 3.690000000000000000e+02
7.860000000000000000e+02 3.710000000000000000e+02
7.860000000000000000e+02 3.710000000000000000e+02
7.770000000000000000e+02 3.850000000000000000e+02
7.707478403755861791e+02 3.960086384976553973e+02
7.640000000000000000e+02 4.060000000000000000e+02
7.604894297303717394e+02 4.117658554044423340e+02
7.510000000000000000e+02 4.260000000000000000e+02
7.440000000000000000e+02 4.420000000000000000e+02
7.390000000000000000e+02 4.470000000000000000e+02
7.330000000000000000e+02 4.520000000000000000e+02
7.280000000000000000e+02 4.590000000000000000e+02
7.240000000000000000e+02 4.620000000000000000e+02
7.180000000000000000e+02 4.720000000000000000e+02
7.090000000000000000e+02 4.850000000000000000e+02
7.050000000000000000e+02 4.910000000000000000e+02
7.030000000000000000e+02 4.920000000000000000e+02
7.030000000000000000e+02 4.920000000000000000e+02
7.030000000000000000e+02 4.930000000000000000e+02
6.950000000000000000e+02 4.970000000000000000e+02
6.850000000000000000e+02 5.020000000000000000e+02
6.840000000000000000e+02 5.050000000000000000e+02
6.840000000000000000e+02 5.050000000000000000e+02
6.840000000000000000e+02 5.050000000000000000e+02
6.856471703930250214e+02 5.004899357496082644e+02
6.880000000000000000e+02 4.950000000000000000e+02
6.880000000000000000e+02 4.950000000000000000e+02
6.880000000000000000e+02 4.950000000000000000e+02
6.880000000000000000e+02 4.950000000000000000e+02
6.880000000000000000e+02 4.950000000000000000e+02
6.880000000000000000e+02 4.950000000000000000e+02
6.920000000000000000e+02 4.910000000000000000e+02
6.950000000000000000e+02 4.850000000000000000e+02
6.950000000000000000e+02 4.850000000000000000e+02
6.950000000000000000e+02 4.850000000000000000e+02
6.950000000000000000e+02 4.850000000000000000e+02
6.950000000000000000e+02 4.850000000000000000e+02
6.950000000000000000e+02 4.850000000000000000e+02
6.950000000000000000e+02 4.850000000000000000e+02
6.950000000000000000e+02 4.850000000000000000e+02
6.950000000000000000e+02 4.850000000000000000e+02
6.950000000000000000e+02 4.850000000000000000e+02
6.950000000000000000e+02 4.850000000000000000e+02
6.600000000000000000e+02 4.670000000000000000e+02
5.840000000000000000e+02 4.170000000000000000e+02
4.660000000000000000e+02 3.500000000000000000e+02
4.460000000000000000e+02 3.400000000000000000e+02
4.460000000000000000e+02 3.400000000000000000e+02
4.430000000000000000e+02 3.360000000000000000e+02
4.310000000000000000e+02 3.240000000000000000e+02
4.280000000000000000e+02 3.210000000000000000e+02
4.250000000000000000e+02 3.170000000000000000e+02
4.231404506244770118e+02 3.138539341659693491e+02
4.210000000000000000e+02 3.110000000000000000e+02
4.050000000000000000e+02 2.930000000000000000e+02
3.990000000000000000e+02 2.880000000000000000e+02
3.980000000000000000e+02 2.850000000000000000e+02
3.980000000000000000e+02 2.850000000000000000e+02
3.870000000000000000e+02 2.710000000000000000e+02
3.790000000000000000e+02 2.600000000000000000e+02
3.610000000000000000e+02 2.410000000000000000e+02
3.445422306958980130e+02 2.265422306958980130e+02
3.310000000000000000e+02 2.170000000000000000e+02
3.250000000000000000e+02 2.090000000000000000e+02
3.210000000000000000e+02 2.000000000000000000e+02
3.130000000000000000e+02 1.860000000000000000e+02
3.060000000000000000e+02 1.750000000000000000e+02
3.010000000000000000e+02 1.690000000000000000e+02
2.990000000000000000e+02 1.660000000000000000e+02
2.990000000000000000e+02 1.660000000000000000e+02
2.990000000000000000e+02 1.660000000000000000e+02
2.970000000000000000e+02 1.620000000000000000e+02
2.960000000000000000e+02 1.610000000000000000e+02
2.960000000000000000e+02 1.610000000000000000e+02
2.960000000000000000e+02 1.610000000000000000e+02
2.960000000000000000e+02 1.650000000000000000e+02
2.980000000000000000e+02 1.730000000000000000e+02
2.980000000000000000e+02 1.730000000000000000e+02
2.980000000000000000e+02 1.730000000000000000e+02
2.980000000000000000e+02 1.750000000000000000e+02
2.988455135733128714e+02 1.758455135733128714e+02
2.990000000000000000e+02 1.760000000000000000e+02
3.010000000000000000e+02 1.870000000000000000e+02
3.040000000000000000e+02 1.900000000000000000e+02
3.040000000000000000e+02 1.900000000000000000e+02
3.040000000000000000e+02 1.900000000000000000e+02
3.040000000000000000e+02 1.900000000000000000e+02
3.040000000000000000e+02 1.900000000000000000e+02
3.040000000000000000e+02 1.900000000000000000e+02
3.040000000000000000e+02 1.900000000000000000e+02
3.040000000000000000e+02 1.900000000000000000e+02
3.040000000000000000e+02 1.900000000000000000e+02
3.090000000000000000e+02 1.980000000000000000e+02
3.610000000000000000e+02 2.390000000000000000e+02
4.171480314960786586e+02 2.989022190408202277e+02
4.550000000000000000e+02 3.410000000000000000e+02
4.676777411764720114e+02 3.563554823529439659e+02
4.740000000000000000e+02 3.640000000000000000e+02
4.766874045801548050e+02 3.703748091603096100e+02
4.850000000000000000e+02 3.830000000000000000e+02
4.910000000000000000e+02 3.970000000000000000e+02
4.990000000000000000e+02 4.120000000000000000e+02
5.010000000000000000e+02 4.220000000000000000e+02
5.090000000000000000e+02 4.420000000000000000e+02
5.190000000000000000e+02 4.680000000000000000e+02
5.321868257756591447e+02 4.945604773269774910e+02
5.410000000000000000e+02 5.150000000000000000e+02
5.524209643235606109e+02 5.393730130695867047e+02
5.613441997166899000e+02 5.596194523828889942e+02
5.739383278990821964e+02 5.844372932128973162e+02
5.865324560814763117e+02 6.092551340429092761e+02
5.940000000000000000e+02 6.240000000000000000e+02
6.090000000000000000e+02 6.480000000000000000e+02
6.090000000000000000e+02 6.490000000000000000e+02
6.090000000000000000e+02 6.490000000000000000e+02
6.380000000000000000e+02 7.020000000000000000e+02
6.480000000000000000e+02 7.190000000000000000e+02
6.520000000000000000e+02 7.270000000000000000e+02
6.616684046878758636e+02 7.446684046878758636e+02
6.630000000000000000e+02 7.470000000000000000e+02
6.630000000000000000e+02 7.490000000000000000e+02
6.670000000000000000e+02 7.560000000000000000e+02
6.720000000000000000e+02 7.650000000000000000e+02
6.790000000000000000e+02 7.730000000000000000e+02
6.800000000000000000e+02 7.750000000000000000e+02
6.830000000000000000e+02 7.800000000000000000e+02
6.830000000000000000e+02 7.800000000000000000e+02
6.853182936833469512e+02 7.814774405250204836e+02
6.940000000000000000e+02 7.990000000000000000e+02
6.986616301239282620e+02 8.103232602478565241e+02
7.030000000000000000e+02 8.180000000000000000e+02
7.030000000000000000e+02 8.190000000000000000e+02
7.050000000000000000e+02 8.250000000000000000e+02
7.060000000000000000e+02 8.310000000000000000e+02
7.070725683466617966e+02 8.362177050399852760e+02
7.092051098390387551e+02 8.420127745975968310e+02
7.114521446805548521e+02 8.476303617013870735e+02
7.136991795220709491e+02 8.532479488051773160e+02
7.159462143635873872e+02 8.588655359089684680e+02
7.180000000000000000e+02 8.640000000000000000e+02
7.180000000000000000e+02 8.640000000000000000e+02
7.180000000000000000e+02 8.640000000000000000e+02
7.180000000000000000e+02 8.640000000000000000e+02
7.300000000000000000e+02 8.800000000000000000e+02
7.300000000000000000e+02 8.800000000000000000e+02
7.300000000000000000e+02 8.800000000000000000e+02
7.320000000000000000e+02 8.810000000000000000e+02
7.320000000000000000e+02 8.810000000000000000e+02
7.320000000000000000e+02 8.810000000000000000e+02
7.350000000000000000e+02 8.820000000000000000e+02
7.460000000000000000e+02 8.910000000000000000e+02
7.460000000000000000e+02 8.910000000000000000e+02
7.450000000000000000e+02 8.910000000000000000e+02
7.450000000000000000e+02 8.900000000000000000e+02
7.450000000000000000e+02 8.900000000000000000e+02
7.450000000000000000e+02 8.900000000000000000e+02
7.450000000000000000e+02 8.900000000000000000e+02
7.450000000000000000e+02 8.900000000000000000e+02
7.450000000000000000e+02 8.830000000000000000e+02
7.410000000000000000e+02 8.430000000000000000e+02
7.130000000000000000e+02 7.820000000000000000e+02
6.840000000000000000e+02 7.280000000000000000e+02
6.663723645026801705e+02 6.933378201310304121e+02
6.290000000000000000e+02 6.430000000000000000e+02
5.959338252796882216e+02 6.007470602237506228e+02
5.800000000000000000e+02 5.790000000000000000e+02
5.470000000000000000e+02 5.360000000000000000e+02
5.260000000000000000e+02 5.110000000000000000e+02
5.180000000000000000e+02 5.020000000000000000e+02
5.050000000000000000e+02 4.910000000000000000e+02
4.860000000000000000e+02 4.690000000000000000e+02
4.450000000000000000e+02 4.190000000000000000e+02
4.150000000000000000e+02 3.910000000000000000e+02
3.944623361144113005e+02 3.695548033372935492e+02
3.820000000000000000e+02 3.550000000000000000e+02
3.614202257760941279e+02 3.294202257760941279e+02
3.520000000000000000e+02 3.140000000000000000e+02
3.390000000000000000e+02 2.890000000000000000e+02
3.270000000000000000e+02 2.730000000000000000e+02
3.200000000000000000e+02 2.580000000000000000e+02
3.130000000000000000e+02 2.420000000000000000e+02
3.070000000000000000e+02 2.230000000000000000e+02
3.025984705882352728e+02 2.127954117647058752e+02
3.000000000000000000e+02 2.010000000000000000e+02
2.921901537727962932e+02 1.786655382047870262e+02
2.840000000000000000e+02 1.530000000000000000e+02
2.760960541953872394e+02 1.232881625861616612e+02
2.750000000000000000e+02 1.150000000000000000e+02
2.727566360772494249e+02 1.016209377710800510e+02
2.700000000000000000e+02 8.600000000000000000e+01
2.700000000000000000e+02 7.500000000000000000e+01
2.690000000000000000e+02 6.800000000000000000e+01
2.690000000000000000e+02 6.000000000000000000e+01
2.690000000000000000e+02 5.700000000000000000e+01
2.740000000000000000e+02 2.500000000000000000e+01
2.760000000000000000e+02 1.900000000000000000e+01
2.760000000000000000e+02 1.900000000000000000e+01
2.770000000000000000e+02 1.900000000000000000e+01
2.770000000000000000e+02 1.900000000000000000e+01
2.770000000000000000e+02 1.900000000000000000e+01
2.770000000000000000e+02 1.900000000000000000e+01
2.770000000000000000e+02 1.900000000000000000e+01
2.770000000000000000e+02 1.900000000000000000e+01
2.770000000000000000e+02 2.000000000000000000e+01
2.780000000000000000e+02 2.800000000000000000e+01
2.790000000000000000e+02 3.500000000000000000e+01
2.800000000000000000e+02 4.100000000000000000e+01
2.800000000000000000e+02 4.300000000000000000e+01
2.800000000000000000e+02 4.400000000000000000e+01
2.820000000000000000e+02 5.000000000000000000e+01
2.830000000000000000e+02 5.400000000000000000e+01
2.830000000000000000e+02 5.400000000000000000e+01
2.830000000000000000e+02 5.400000000000000000e+01
2.830000000000000000e+02 5.400000000000000000e+01
2.830000000000000000e+02 5.400000000000000000e+01
2.830000000000000000e+02 5.400000000000000000e+01
2.830000000000000000e+02 5.400000000000000000e+01
2.830000000000000000e+02 5.400000000000000000e+01
2.830000000000000000e+02 5.400000000000000000e+01
2.830000000000000000e+02 5.757896223085349163e+01
3.000000000000000000e+02 9.100000000000000000e+01
3.190000000000000000e+02 1.250000000000000000e+02
3.240000000000000000e+02 1.320000000000000000e+02
3.240000000000000000e+02 1.320000000000000000e+02
3.240000000000000000e+02 1.320000000000000000e+02
3.240000000000000000e+02 1.320000000000000000e+02
3.240000000000000000e+02 1.320000000000000000e+02
3.240000000000000000e+02 1.320000000000000000e+02
3.240000000000000000e+02 1.320000000000000000e+02
3.240000000000000000e+02 1.320000000000000000e+02
3.151049758851871729e+02 1.213149276555615188e+02
3.080000000000000000e+02 1.150000000000000000e+02
3.060000000000000000e+02 1.130000000000000000e+02
3.060000000000000000e+02 1.130000000000000000e+02
3.060000000000000000e+02 1.130000000000000000e+02
3.040000000000000000e+02 1.110000000000000000e+02
3.020000000000000000e+02 1.090000000000000000e+02
2.980000000000000000e+02 1.040000000000000000e+02
2.980000000000000000e+02 1.040000000000000000e+02
2.980000000000000000e+02 1.040000000000000000e+02
2.980000000000000000e+02 1.040000000000000000e+02
2.980000000000000000e+02 1.040000000000000000e+02
2.980000000000000000e+02 1.040000000000000000e+02
2.950000000000000000e+02 1.040000000000000000e+02
2.940000000000000000e+02 1.050000000000000000e+02
2.940000000000000000e+02 1.050000000000000000e+02
2.940000000000000000e+02 1.050000000000000000e+02
2.940000000000000000e+02 1.050000000000000000e+02
2.940000000000000000e+02 1.050000000000000000e+02
2.940000000000000000e+02 1.050000000000000000e+02
2.940000000000000000e+02 1.050000000000000000e+02
2.940000000000000000e+02 1.050000000000000000e+02
2.940000000000000000e+02 1.050000000000000000e+02
2.940000000000000000e+02 1.050000000000000000e+02
2.940000000000000000e+02 1.110000000000000000e+02
2.950000000000000000e+02 1.150000000000000000e+02
3.180000000000000000e+02 1.590000000000000000e+02
3.320000000000000000e+02 1.850000000000000000e+02
3.420000000000000000e+02 2.050000000000000000e+02
3.490000000000000000e+02 2.210000000000000000e+02
3.570000000000000000e+02 2.390000000000000000e+02
3.602191702432088505e+02 2.474063900810696168e+02
3.660000000000000000e+02 2.540000000000000000e+02
3.704391678622797031e+02 2.606261119081864308e+02
3.790000000000000000e+02 2.700000000000000000e+02
3.970000000000000000e+02 2.960000000000000000e+02
4.140000000000000000e+02 3.180000000000000000e+02
4.320000000000000000e+02 3.450000000000000000e+02
4.540000000000000000e+02 3.730000000000000000e+02
4.650000000000000000e+02 3.880000000000000000e+02
4.730000000000000000e+02 4.000000000000000000e+02
4.950000000000000000e+02 4.280000000000000000e+02
5.126259232785322411e+02 4.516259232785322979e+02
5.200000000000000000e+02 4.630000000000000000e+02
5.258084520884535777e+02 4.774253562653606764e+02
5.370000000000000000e+02 4.950000000000000000e+02
5.470000000000000000e+02 5.110000000000000000e+02
5.500000000000000000e+02 5.180000000000000000e+02
5.580000000000000000e+02 5.300000000000000000e+02
5.660000000000000000e+02 5.460000000000000000e+02
5.800000000000000000e+02 5.670000000000000000e+02
5.867852063946580756e+02 5.803556191839742269e+02
5.980000000000000000e+02 6.110000000000000000e+02
6.081995081391326039e+02 6.335993441855101764e+02
6.130000000000000000e+02 6.470000000000000000e+02
6.218115938578797568e+02 6.686231877157595136e+02
6.250000000000000000e+02 6.770000000000000000e+02
6.330000000000000000e+02 6.970000000000000000e+02
6.350000000000000000e+02 7.020000000000000000e+02
6.360000000000000000e+02 7.130000000000000000e+02
6.370000000000000000e+02 7.180000000000000000e+02
6.370000000000000000e+02 7.240000000000000000e+02
6.350000000000000000e+02 7.280000000000000000e+02
6.310000000000000000e+02 7.350000000000000000e+02
6.290000000000000000e+02 7.380000000000000000e+02
6.280000000000000000e+02 7.390000000000000000e+02
6.162795901346316896e+02 7.390000000000000000e+02
6.080000000000000000e+02 7.380000000000000000e+02
6.060000000000000000e+02 7.380000000000000000e+02
6.030000000000000000e+02 7.360000000000000000e+02
5.970000000000000000e+02 7.340000000000000000e+02
